1530962681
1530962945
1528294969
1530902814
1530963167
1530807667
1530527577
1530531696
1530533670
1530643571
1530647774
1530649325
1530650877
1530618688
1530620781
1528468272
1530289597
1530171774
1530020471
1530116660
1530022807
1530031241
1530046661
1529847085
1529784776
1529785056
1529779261
1529587988
1529512067
1529500870
1529504004
1529410579
1529413910
1529405829
1529053969
1529061593
1529084462
1529255344
1529259675
1528876913
1528890652
1528712183
1528633304
1528235380
1528243641
1528478730
1528528774
1528528850
1528372985
1528215879
1528270644
1528271033
1528141127
1528143600
1528149029
1528216520
1528190215
1528207559
1527515461
1527517062
1528139189
1528146338
1524150815
1528106596
1527868740
1527877046
1527775270
1527790783
1527853691
1527610278
1527689945
1527338965
1525953604
1525939391
1525857113
1525864487
1525857657
1525857911
1525687063
1525689347
1525687311
1525685981
1525686935
1525685068
1525437058
1525377830
1525371274
1525376130
1525271665
1525259879
1525185252
1525246356
1525106687
1525085118
1524927190
1524927006
1524851257
1524734448
1523896132
1523910742
1524415939
1524239159
1524234811
1524140575
1524140669
1524049770
1523780898
1523954029
1523955674
1523433737
1523460536
1523904315
1523607896
1522942661
1522948710
1522599139
1522513280
1522173617
1522328290
1522330856
1522321396
1522322096
1522323229
1521991228
1521990900
1521977275
1521624523
1521536429
1521538268
1521543577
1521108882
1520965139
1520847416
1519818166
1520273993
1520324235
1520442617
1520577619
1520580965
1519760747
1519776515
1520577730
1520577521
1519832774
1519832131
1519744896
1519574884
1519583072
1519744816
1519732338
1519394354
1519395098
1519396205
1519242639
1519243368
1490965703
1519223811
1519143677
1519125877
1519055851
1519060235
1518890967
1518854995
1518096595
1518175514
1518699129
1518634880
1518513360
1518519260
1518523028
1518460718
1518438455
1518438585
1518426068
1518426440
1518362267
1502877154
1502878279
1518295293
1518284229
1518216446
1518216717
1517929599
1518079690
1518081111
1517920943
1517926992
1517927338
1517927531
1517908944
1517765241
1517505320
1517648602
1517580377
1517580542
1517589525
1515507900
1515585800
1516091458
1516096289
1517079516
1517067767
1517068373
1517068846
1517053587
1517061619
1517066328
1517050898
1516895604
1516900830
1516808617
1516816063
1516707804
1516708117
1516696515
1516697796
1516624769
1516630646
1516612271
1516612339
1516612810
1516503399
1516449010
1516449715
1516458227
1516437316
1514715060
1516222594
1516281993
1516277175
1516277622
1516206312
1516206355
1516206835
1516200474
1516199847
1516115962
1516189133
1516192728
1516011966
1516172002
1516172005
1515932209
1516017001
1516014238
1515744920
1516012137
1516012309
1515843111
1515775625
1515672375
1515719329
1515689001
1515712722
1515586091
1515586169
1515437121
1515435424
1515404777
1515235948
1515236067
1515068844
1515069884
1515101516
1514908953
1514893767
1514903874
1514904435
1514889570
1514488587
1514490445
1514640455
1514628077
1514628132
1514628215
1514454202
1514463482
1514467848
1514138842
1513772882
1513815768
1513773691
1513647347
1513672715
1513627228
1513603575
1513589585
1513590196
1513550962
1513581226
1513585333
1513423588
1513436893
1513298315
1513324260
1513329506
1513331530
1513335520
1513249303
1513160023
1513174525
1513186479
1513157466
1498818211
1498819473
1513126263
1498855518
1499188541
1513120568
1512936439
1512937694
1512905295
1512939900
1512939914
1512852666
1512515140
1512039313
1511968932
1511959654
1511859904
1511806370
1511792040
1511514877
1511465309
1511465107
1511427104
1511276791
1511279699
1511296357
1510736991
1510737349
1510679703
1510691118
1510692988
1510535781
1510692740
1510692758
1510690590
1510691954
1510692593
1510605822
1510606810
1510589870
1510244210
1510245261
1510421615
1509634222
1509642608
1510434632
1510422667
1510397115
1510252077
1510215108
1510250771
1510231320
1510153824
1510086209
1510087140
1510087671
1509959924
1509880106
1509886598
1509886716
1509806162
1509808229
1509809572
1509814563
1509815305
1509866964
1509727682
1509806533
1509811863
1509815021
1509815058
1509627457
1509628844
1509628862
1509535211
1509524677
1509456674
1509463045
1509463367
1509377437
1509382998
1509388511
1509274088
1509274954
1509180828
1509181605
1509267456
1509267688
1509274223
1509274463
1509110923
1508959396
1508922030
1508922923
1508876078
1508406828
1508419614
1508422630
1508347114
1508410620
1508426384
1508286477
1508256749
1508266721
1508272784
1508272666
1508254883
1508248971
1508160616
1508161017
1508161070
1508222031
1508159975
1508160666
1508170876
1508166170
1508159906
1508162064
1508163823
1507760828
1507816039
1507891384
1507815900
1507568211
1507664057
1507664663
1507653545
1507657145
1507657834
1507555365
1507565648
1507644590
1507642695
1507642168
1507565110
1507625797
1507625808
1507372580
1507584959
1507570766
1507570983
1507561265
1507562986
1507563302
1507192663
1507206633
1506965794
1507193398
1507205638
1507123141
1507065807
1507066699
1507051069
1507050265
1507041983
1507045070
1506973143
1506978222
1506955623
1506860960
1506861042
1506861732
1506353766
1506514222
1506848704
1506711021
1506728600
1506771091
1506679690
1506625397
1506617326
1506588001
1506601052
1506528382
1506523403
1506523638
1506525016
1506522558
1506514604
1506517649
1506449446
1506450557
1506498278
1506432351
1506450145
1506452731
1505998157
1506451017
1506355446
1506409496
1506365534
1506225724
1506235563
1506172064
1505833109
1505665478
1505828336
1505828455
1505660545
1505477995
1505479891
1505481428
1505480949
1505461559
1505235370
1505206687
1505140451
1505140700
1505143924
1504791398
1501514985
1504634095
1504770072
1504770716
1504533251
1504534703
1504521262
1504523326
1504374481
1504427484
1504430383
1501680915
1503665787
1504258469
1504075333
1504077726
1503656100
1503994334
1503933239
1503947921
1503949636
1503569458
1503588480
1503591420
1503564850
1503564952
1503565000
1503316135
1502380498
1502375610
1502374445
1502093674
1502374464
1501145404
1500839520
1500915298
1500980703
1492861394
1500973077
1500840657
1500885004
1500901735
1500557849
1500445454
1499932012
1499949311
1500288196
1500367535
1499935658
1499937592
1499963697
1500122548
1500122242
1500035902
1499940554
1499860278
1499861012
1499701868
1499717824
1499718079
1499687911
1499697863
1499707215
1499700837
1499690837
1499692096
1499692412
1499677806
1499689149
1499678584
1499687239
1499591926
1499508094
1499523420
1499526321
1499347169
1499412416
1499414487
1499340315
1499366239
1499294356
1499335372
1499340873
1499281082
1499281496
1499197743
1499188445
1496322538
1498558712
1499162362
1499160925
1498915742
1498915443
1498921668
1498844605
1498844463
1498724216
1498752123
1498752204
1498747367
1498576440
1498673353
1498637809
1498493369
1498588463
1498607311
1498574600
1498575964
1498580828
1498485334
1498489942
1498466323
1498471600
1498441253
1498456316
1497807257
1498236903
1498240720
1498293150
1498293479
1498124789
1497948640
1497881818
1497883665
1497884900
1497623969
1497645943
1497893035
1497817231
1486752203
1497622369
1497622400
1497622167
1497515771
1497603947
1497549604
1497544911
1497592712
1497518268
1497522215
1497523007
1497538584
1497466331
1497386961
1497389797
1497446471
1497260532
1497266044
1497266876
1497264020
1497186722
1497118592
1496995599
1496940181
1496945402
1496654675
1496830659
1496836270
1496829006
1496853496
1496857426
1496838412
1496837743
1496837455
1496824511
1496830967
1496831242
1496401486
1496816457
1496739420
1496740944
1496741810
1496733672
1496412249
1496479495
1496652833
1496646752
1495733838
1496498253
1496569462
1496411978
1496413025
1496327116
1496326451
1496315168
1496317410
1496156633
1496156400
1495448907
1495657273
1496129160
1496073978
1496073637
1496048804
1496048913
1495874685
1495877295
1495981529
1495363206
1495440554
1495870062
1495698280
1495733085
1495741077
1495712772
1495712653
1495712917
1495701990
1495707106
1495649104
1495630251
1495634468
1495637227
1495527951
1495386090
1495124992
1495127922
1495129217
1495192746
1495192341
1495182696
1495184933
1495184934
1495110026
1495123301
1495030433
1495051082
1495000592
1495003165
1495035773
1494958236
1494948765
1494950878
1494950928
1494258508
1494316042
1494768352
1494767339
1494606333
1494606726
1494606849
1494575892
1494432328
1494434070
1494436646
1494425409
1494240965
1494243240
1494243845
1493926590
1493981969
1493828961
1493900470
1493826193
1493805666
1493816629
1493736694
1493802685
1493725268
1493754075
1493794938
1493720439
1493724132
1493662593
1493662338
1493575318
1493482587
1493483074
1493376120
1490876425
1493284717
1493285487
1493322268
1493287600
1493275972
1493276505
1493278413
1493224488
1493226182
1493226287
1493034500
1493043045
1493043306
1492943078
1492943441
1492943477
1492680562
1492681878
1492681999
1492254396
1492248600
1492017012
1492019303
1492020062
1491986320
1491994091
1492001553
1491986389
1491986954
1491987423
1491850692
1491722716
1491724407
1491725227
1491640189
1491484807
1491487647
1491412279
1491234528
1491237809
1491310897
1491310956
1491243160
1491230569
1490898397
1490945169
1490887723
1490695365
1490696035
1490539603
1490550178
1490555073
1490258462
1490258649
1490258758
1490114323
1490115300
1489947824
1489839908
1489841578
1489826999
1489423059
1489471655
1489341682
1489342716
1489314444
1489315055
1489318454
1489315356
1488992021
1489069405
1489069426
1489060405
1489060627
1489063138
1489058155
1489004758
1489005197
1489005893
1488968877
1488903781
1488925326
1488908506
1488917784
1488960243
1488800583
1488824393
1488905861
1488897537
1488829683
1488824209
1488831548
1488831581
1488734159
1488734230
1488789995
1488277395
1488449249
1488454165
1488452434
1488452318
1488374106
1488387207
1488366665
1488301855
1488304073
1488305972
1488289059
1488288999
1488262546
1488212420
1488224092
1488225170
1488181677
1488186420
1488186949
1488108346
1488116349
1487790400
1487793141
1487782095
1487782667
1487783252
1487784619
1487783689
1487783853
1487674751
1487691608
1487781762
1487681064
1487691530
1487778900
1487769245
1487619309
1487760630
1487756862
1487756937
1487748132
1487694079
1487703261
1487689259
1487687036
1487686652
1487679539
1487675069
1487677247
1487339203
1487339400
1487611906
1487485566
1487440736
1487439765
1487254413
1487286983
1487287069
1487272964
1487274358
1487278690
1487248843
1487248735
1487180164
1487190236
1487190838
1487192044
1487158057
1487158899
1487191099
1487075449
1487078047
1487104880
1487087761
1487087899
1487089421
1487058025
1487058626
1486977544
1486977838
1486981585
1486991467
1486985034
1486985194
1486985823
1486569969
1486843079
1486843904
1486829702
1486794132
1486801013
1483036155
1486755071
1486765804
1486647617
1486650100
1485460880
1486646605
1486567580
1486569798
1486572070
1486500665
1486500822
1486387069
1486387472
1486493425
1484034719
1486371449
1486377175
1486240018
1486211090
1486130954
1486136996
1486056298
1484298683
1484305368
1485944053
1485968920
1485968143
1485781739
1485958162
1485958240
1485949071
1485948272
1485948476
1485880040
1485880533
1485880607
1485860093
1483540846
1484217779
1485788990
1485689013
1484826863
1485274578
1485688885
1485617927
1485618026
1485618675
1485601317
1485601403
1485594924
1485438611
1485439911
1485205730
1485357993
1485427998
1485428323
1485428804
1485428823
1476202162
1485019518
1485363244
1485350974
1485270323
1485281939
1485298843
1485274493
1485265860
1485257055
1485248406
1485250800
1485250858
1485204466
1485205062
1485205090
1485164757
1485167231
1485086358
1485104210
1485116065
1485024670
1485031688
1485010618
1485011032
1485023035
1484935242
1484941178
1484948937
1484847684
1484891634
1484893830
1484734094
1484773529
1484840287
1484849149
1484849961
1484811920
1484813046
1484820240
1484650557
1484586595
1484565807
1484566032
1484566618
1484552268
1484563254
1484497722
1484473270
1484473362
1484473378
1484409696
1484442656
1484428668
1484429013
1484429085
1484411776
1484411807
1484411851
1484405224
1484410282
1484411708
1483433209
1484325697
1484325744
1484223856
1484252070
1484303107
1484296750
1484304028
1484304168
1484234605
1484136406
1484144578
1484177671
1484047866
1484059584
1484170094
1484160840
1484130150
1484130525
1484141152
1484040016
1484044187
1484044342
1484041985
1484040221
1484038516
1483991773
1483992371
1483992528
1483972691
1483973534
1483959165
1483988279
1483989109
1483626614
1483626983
1483645014
1483620584
1483620774
1483620797
1483545257
1483380641
1483367887
1483356550
1483356892
1483359346
1483185682
1483017638
1483144476
1483144589
1482093612
1483103833
1483104530
1483036789
1483036883
1483036930
1482833401
1483031847
1482922255
1482653622
1482654196
1482748383
1482419000
1482516044
1482497084
1482426198
1482316808
1482353344
1482362520
1481704711
1482235950
1482343808
1482255847
1482263481
1482257776
1482258029
1482258105
1482250566
1482250667
1482250696
1482245543
1482184153
1482184257
1482224970
1482141021
1482158316
1482158971
1482155490
1482143111
1482140518
1482074440
1482081851
1482089626
1481879075
1481991354
1481985613
1481911325
1481911593
1481914245
1481902682
1481881718
1481884765
1481884857
1481815060
1481810560
1481708255
1481704642
1481704712
1481704722
1481562786
1481563598
1481625069
1481565037
1481565076
1481566415
1481552461
1481556138
1481552743
1481552854
1481552873
1481388581
1481388907
1481389033
1481216297
1481313458
1481149687
1481146042
1481146513
1481147037
1481107752
1481099561
1480933941
1480948261
1481039684
1480878857
1480958388
1480865191
1480875751
1480875772
1480844277
1480706312
1480706482
1480709022
1480690057
1480705130
1480706064
1480674719
1480690731
1480690628
1480602726
1480626588
1480623522
1480624298
1480607698
1480608711
1480610016
1480585131
1480580733
1480531257
1480531283
1480531313
1480531285
1480531468
1480531485
1480531336
1480531382
1480522408
1480522442
1480522795
1480455116
1480448355
1480410837
1479812358
1480397184
1480400732
1480406758
1480272237
1480275798
1480401636
1480336796
1480336725
1480115761
1480115888
1480116555
1480069166
1479813258
1479982159
1479995806
1479894922
1479894697
1479742029
1479740548
1479741572
1479741637
1479597459
1479595206
1479574539
1479549634
1479552465
1479487244
1479487450
1479487477
1479486349
1479486461
1479479628
1479477790
1479478469
1479478537
1479476692
1479398860
1479291338
1479311317
1479310862
1479283134
1479229665
1479221956
1479203436
1479120734
1479121692
1478872645
1478872779
1478712959
1478779479
1478781990
1479033787
1478871425
1478794459
1478795232
1478795183
1478526909
1478529071
1478536204
1478703220
1478703456
1478705313
1478612603
1478606171
1478598400
1478598632
1478598699
1478502559
1478537317
1478450375
1478459644
1478462981
1478540759
1478464804
1478501344
1478540272
1478533980
1478534089
1478535125
1478521306
1478521653
1478521783
1478507192
1478514041
1478514059
1478436614
1478437287
1478165991
1478292655
1478112500
1478246957
1478246979
1477999234
1477999851
1477999894
1478105982
1478001600
1478081256
1478078331
1478072222
1478015267
1477836546
1477836575
1477836643
1477752897
1477758254
1477760544
1477468267
1477562041
1477560262
1477386232
1477552747
1477514010
1477522401
1477321266
1477321544
1477470476
1477429822
1477336442
1477336430
1477336405
1477336389
1477336373
1477336360
1477336345
1477138744
1477304109
1477304247
1477140531
1477132148
1477133028
1477137037
1477071453
1477074924
1477077009
1477053608
1477068778
1477070942
1477059426
1477059728
1477059774
1476954900
1476955088
1477064055
1477061074
1477061106
1477056520
1477057541
1477058579
1477056182
1476960021
1476806354
1476815752
1476864885
1476818118
1476819417
1476819794
1476808216
1476812183
1476817117
1476817319
1476817512
1476809630
1476812095
1476802015
1476803735
1476810865
1476808283
1476808203
1476808098
1476529910
1476739699
1476702092
1476702041
1476615458
1476442609
1476382789
1476375915
1476380700
1476375974
1476372543
1476259269
1476267581
1476351809
1476255820
1476113857
1476179831
1476182829
1476198542
1476217354
1476175107
1476175732
1476183883
1476167663
1476168326
1476096667
1476110617
1476111182
1476094206
1476093878
1476022253
1476024093
1476009217
1475855152
1475855742
1475855760
1475852118
1475822514
1475775465
1475818658
1475785048
1475589400
1475589489
1475749866
1475685731
1475574231
1475392120
1475168729
1475168780
1474963752
1475009030
1475137357
1475137996
1475074944
1475130849
1475073219
1475052526
1474993561
1474918796
1474918873
1474911776
1474912563
1474882745
1474887297
1474882819
1474882902
1474823176
1474643363
1474547134
1474540316
1474479663
1474372113
1474449577
1474455149
1474039064
1473262754
1473845207
1474121443
1474093442
1474107692
1473842498
1473843037
1473845696
1473785072
1473092234
1473341803
1473347973
1473169850
1473189151
1473152172
1473085840
1473086146
1473069081
1472924523
1472927753
1472929193
1472554102
1472648473
1472373051
1472387510
1472388302
1472145094
1472146614
1472146680
1471949532
1471943422
1471944615
1471863107
1471885465
1471900011
1471859806
1471797423
1471611356
1471611608
1471611806
1471616627
1471103673
1471363625
1471363766
1471096095
1470227914
1470049390
1470220658
1470226703
1470222031
1470212826
1469107469
1469260977
1470046389
1469543831
1469793653
1469695379
1469443638
1469276042
1469283767
1469192645
1469111108
1469011958
1469012558
1469016214
1468937492
1468921067
1468918290
1468918750
1468859150
1468687411
1468574858
1468501800
1468502071
1468415460
1468403118
1468403499
1468399574
1468189397
1468241013
1468240303
1468177877
1468146497
1468146739
1468146791
1468156866
1468159044
1468159079
1468081971
1468076747
1468055404
1468057999
1468009970
1468010823
1467896018
1467896584
1467910723
1467912329
1467912356
1467884739
1467888410
1467889623
1467715530
1467823744
1467824688
1467801905
1467736765
1467712118
1467712377
1467712404
1467633533
1467648611
1467648765
1467274969
1467307906
1467626075
1467402879
1467468723
1467468750
1467468046
1467384428
1467241782
1467272886
1467127659
1467131693
1467132899
1467021632
1467116164
1467116226
1467096862
1467097098
1467017267
1467017854
1467018204
1466938113
1467046421
1467046692
1467028608
1467017924
1466932596
1466932511
1466875984
1466781434
1466783986
1466784020
1464618030
1466765984
1466766002
1466671822
1466671941
1466671978
1465373899
1466606509
1465921251
1466151822
1466606487
1464540451
1466532679
1466532776
1466525941
1466501500
1466509010
1466509273
1466456636
1466420454
1466420874
1466448048
1466436850
1466444092
1466444195
1466428583
1466417561
1466407173
1466407292
1466407340
1466348223
1466350540
1466352497
1466258957
1466245368
1466238734
1466163743
1466164101
1466164942
1466061366
1466080749
1466080976
1466063841
1466068614
1465900113
1465900405
1465988043
1465977997
1462034468
1462200479
1465917564
1465892804
1465891677
1465889024
1465813422
1463216280
1465809910
1465810000
1465565128
1465565386
1465567712
1465801841
1465802755
1465803158
1465661106
1465651562
1465653292
1465583469
1465584820
1465585071
1464873516
1464976568
1465563275
1465561021
1465561204
1465561928
1465485443
1465299941
1465377867
1465377927
1465381838
1465379785
1465313974
1465222823
1465223021
1465223050
1464968957
1464942746
1464943620
1459536567
1459537110
1464891824
1464798204
1464798531
1464798761
1464693913
1464694828
1464794990
1464792500
1464794966
1464776141
1464704590
1464725925
1464704836
1464705143
1464181852
1464641087
1464641102
1459964414
1460027338
1460031868
1464450451
1464451047
1464382669
1464532779
1464538044
1464183166
1464192081
1464196960
1464171160
1464174640
1464178138
1463988558
1463989101
1463989417
1463749720
1463754889
1463761032
1463588474
1463596987
1463600174
1463735757
1463735983
1463676680
1463666324
1463654211
1463649606
1463582029
1463590780
1463592856
1463495760
1463498019
1463501725
1463405293
1463497489
1463497648
1460997003
1461765606
1461771452
1462962993
1463064039
1463398082
1463389809
1463388206
1463388713
1463388760
1463332073
1462031484
1463130560
1463132222
1463217205
1463065066
1463216570
1463222145
1463063098
1463059637
1462959334
1463041939
1463044411
1463044740
1460797354
1460831666
1462978431
1462957530
1462894729
1462900335
1462903765
1462874256
1462874442
1462874523
1462718468
1462717696
1462637674
1462100788
1462376343
1462453637
1462531810
1462459232
1462481967
1462484267
1462464755
1462465119
1462466701
1462387399
1462312128
1462292773
1462181622
1462293159
1462296280
1462279727
1462293098
1462293164
1462272052
1462269216
1462262816
1462262898
1462262984
1462229768
1462213113
1462103167
1462100788
1462098659
1461959948
1461962609
1462017043
1462010818
1461424411
1462004834
1452520604
1452521641
1452526520
1461834732
1461834517
1460646940
1460711514
1461680665
1461735798
1461773214
1461749198
1461765050
1461766273
1461694607
1461669581
1461682177
1459341719
1459529546
1461674872
1461608703
1461514292
1461514330
1461519048
1461425190
1461424411
1461425775
1461426401
1461424892
1461331455
1461364471
1461370358
1461335200
1461261276
1461259652
1461060365
1461060648
1461243016
1461160656
1460989359
1461057953
1461057970
1461056255
1461056550
1461056550
1460997397
1461002025
1460986441
1460972250
1460972819
1460974753
1460640990
1460797525
1460804067
1460643648
1460712932
1460712984
1460547342
1460555233
1460484609
1460464677
1460292077
1460294200
1460279448
1460382764
1460444928
1460362657
1460210470
1460211103
1460026760
1459963797
1459963847
1459954460
1458318654
1458320616
1458337681
1459864211
1459799131
1459795531
1459801923
1459695030
1459703705
1459763236
1458820718
1459505319
1459506030
1459445603
1459435287
1459454024
1459455461
1459444455
1459454234
1459454577
1459421105
1459430638
1459432232
1459346318
1459350169
1459367632
1459353191
1459361708
1459362159
1459341285
1459341983
1459343737
1459255552
1459273664
1459333192
1459260781
1459262935
1459280378
1459254701
1459255113
1459255320
1459181092
1459252107
1459252160
1459240742
1459248052
1459183397
1458856152
1458857663
1458893616
1458838481
1458838786
1458813449
1458818425
1458818496
1458808702
1458812858
1458724774
1458726302
1458755784
1458675800
1458633682
1458636625
1458655238
1458632509
1458414976
1458568369
1458399421
1458311848
1458329215
1458337776
1458241090
1458242415
1458244890
1458154945
1458156817
1458157483
1458123956
1458126553
1458155113
1458117776
1458065349
1458067621
1458077571
1457979696
1457980065
1457863160
1447684034
1447687384
1457541291
1457531154
1457531686
1457532164
1457453541
1457454293
1457454320
1457432167
1457453379
1457453386
1457366073
1457366155
1456911724
1457001913
1457299585
1457256667
1457279054
1457279209
1457182789
1457183310
1457106096
1457006510
1457023883
1457025684
1456841826
1456846893
1456849398
1456839026
1456842422
1456768117
1456768287
1456780613
1456742163
1456671930
1456664062
1456665931
1456600903
1456601083
1456601176
1450367805
1450373636
1450373718
1456514636
1456220123
1456233811
1456322438
1456236919
1456155082
1456164497
1456223684
1456223327
1456189555
1456171367
1456172506
1456163832
1456150493
1456162484
1456162748
1456155799
1456152048
1456148177
1456085267
1456124606
1456141502
1433788570
1455989853
1455730129
1455805615
1455928254
1455818231
1455820444
1455820489
1455804011
1455804364
1455806045
1455698944
1455699037
1455699037
1455616347
1455569036
1455577983
1455578005
1455562415
1455564388
1455564505
1455564303
1455215090
1455215120
1455217295
1452698188
1452713202
1452716013
1449672364
1455178570
1455180263
1455042625
1455009189
1454670168
1454674040
1455007786
1454956051
1454958810
1454761825
1454762819
1454454635
1454494625
1454749970
1454690206
1454690826
1454701321
1454437269
1454437890
1454608209
1454585593
1454593734
1454599889
1454596064
1454517543
1454519531
1454519639
1454529099
1454502935
1454506076
1454518151
1454438422
1454492381
1454490971
1454492346
1454492384
1454421063
1454422889
1451338640
1454407600
1454407692
1454344444
1454327273
1454328136
1454331884
1454319156
1454320202
1454320533
1453912217
1454320080
1454313964
1454315408
1454246412
1454268824
1453978702
1454102808
1454263432
1452335199
1452338617
1452338701
1453545254
1453549002
1453641007
1453978909
1453990236
1453993678
1453890828
1453911785
1453911830
1453830022
1453832520
1453910277
1437475470
1453740240
1453890280
1453889115
1453741109
1453659673
1453661867
1453661950
1453659886
1453225354
1453237546
1453457171
1453368997
1453371716
1453372127
1453505533
1453476722
1453374038
1452875979
1453022846
1453132646
1453132254
1453127970
1453128655
1453111492
1453027395
1453107857
1453107916
1452769850
1452778209
1452778570
1452797532
1452944525
1452856411
1452858283
1452874861
1452773874
1452769150
1452769225
1452769248
1452696450
1452699505
1452699672
1452447105
1452681345
1452681802
1452612172
1452611914
1452426596
1452538819
1452611763
1452544200
1452544766
1452545081
1452522945
1452523218
1452539545
1452098653
1452098834
1452280662
1452271346
1452272603
1452272708
1452189638
1452270299
1452270841
1452268708
1452269107
1452255679
1452267014
1452247838
1452186534
1452189695
1452195238
1452079903
1452004464
1451998999
1446163870
1451998728
1451941403
1451917657
1451914245
1451914591
1451916619
1451831975
1451832106
1451126301
1451130578
1451139677
1451738463
1451738608
1451738667
1451302032
1451557386
1451557434
1451399332
1451407368
1451336119
1451336342
1451336446
1451311196
1451070349
1451139559
1451140426
1451013125
1451042602
1451060041
1450954081
1450957901
1450982521
1450868647
1450897343
1450915006
1450881087
1450902158
1450906490
1450786541
1450823836
1450788232
1450789163
1450789237
1444084302
1450722090
1450778606
1450439745
1450453939
1450726365
1450694561
1450698719
1450713209
1450467564
1450468236
1450609749
1450697180
1450258699
1450333583
1450344712
1450250151
1450251654
1450281871
1450184380
1450185408
1450261417
1450173087
1450173612
1450174519
1450117785
1450129963
1450138357
1450101321
1450102901
1450110820
1450022843
1450023196
1450023311
1449937179
1450020575
1450008690
1450008109
1449764585
1449787197
1449822350
1449774022
1449853578
1449853714
1449831435
1449839337
1449841500
1449702654
1449727641
1449678429
1449689308
1449691060
1449645802
1449670435
1449670454
1449661684
1449339555
1449404486
1449513542
1449508133
1449237231
1449237786
1449500594
1449405017
1449333431
1449333815
1449391760
1449326849
1449328871
1449329793
1448629368
1449232722
1449241273
1449245012
1449224283
1449237575
1449237603
1449224282
1449225164
1449225893
1449154828
1449144646
1448990344
1448995177
1449006867
1448957480
1448919204
1448919763
1448920933
1448897574
1448644624
1448648285
1448650734
1448819144
1448708957
1448751728
1448752192
1448629422
1448556123
1448556504
1448556547
1448481569
1448549609
1448534806
1448522348
1448466126
1448523716
1448526793
1448467981
1448468925
1448469042
1448440040
1448440809
1448356244
1443171949
1444399069
1445515211
1448211599
1448211803
1448211923
1447925322
1447888210
1447858879
1447858950
1447842764
1447843122
1447843467
1447837809
1447837882
1447840109
1447794108
1447796238
1447796926
1447702080
1447704652
1447705875
1447612732
1447694502
1447691788
1447691880
1447684430
1447685740
1447686413
1447496985
1447584094
1447584545
1447529650
1447529760
1447532647
1447525970
1447526550
1447526600
1447498858
1447499111
1447499152
1447425213
1447428609
1447432811
1447415020
1447417412
1447406209
1447409212
1447411215
1447254691
1447196239
1447169448
1447180691
1447185125
1446817240
1447093999
1447094969
1447162040
1447163881
1447164204
1447081081
1447104198
1447161261
1447156281
1447156666
1447094642
1447103091
1447154867
1446975582
1447102624
1447102851
1447086815
1447100213
1447027672
1446829106
1446901513
1446901768
1446887342
1446890162
1446895007
1446205628
1446209228
1446757493
1446717154
1446735599
1446736584
1446484514
1446663768
1446663849
1446590481
1446584736
1446545092
1446545413
1446497039
1446497117
1446497195
1446474391
1446418658
1446294779
1446194685
1446194852
1446194874
1446163883
1446053038
1446141423
1446147109
1446124863
1446054640
1446054779
1446056925
1446056320
1446056530
1446056645
1446046293
1446050080
1446054560
1445975826
1445978939
1446053646
1446049793
1445944601
1445957549
1445964587
1445780482
1445782407
1445798850
1443736267
1445532207
1445536942
1445562713
1445503932
1445442480
1445443558
1445443586
1445004116
1445356696
1445361467
1445345093
1445346139
1445346177
1445278314
1445279674
1445281727
1445274688
1445257454
1445248171
1445248556
1445249193
1445161951
1445155995
1445159257
1445160881
1445102790
1445118219
1445114128
1445095065
1445022635
1444929689
1444933073
1444953554
1444903500
1444740523
1444741311
1444842415
1444546662
1444573981
1444650822
1444740331
1444589700
1444653687
1444656814
1444662527
1444677974
1444572227
1444591519
1444591624
1444311731
1444333396
1444585604
1444585619
1444554774
1444285932
1444370515
1444411398
1444319046
1444320920
1444221350
1444221838
1444221104
1444221310
1444221572
1444210067
1444142238
1444084182
1444110599
1444118697
1444126523
1444087988
1444078380
1443796132
1444042546
1444042740
1444027764
1444028295
1444029695
1443773706
1443773865
1443774058
1443770026
1443800227
1443800291
1442335615
1443780767
1443780876
1443200258
1443548225
1443780203
1443735958
1443619960
1443728943
1443735429
1443724093
1443727309
1443730256
1443711108
1443719942
1443720022
1443453654
1443517440
1443517561
1443619718
1443560120
1443560505
1443560598
1443558944
1443540252
1443540944
1443547329
1443542975
1443543025
1443538595
1443540359
1443540423
1443518737
1443519310
1443257473
1443518633
1443518672
1443517175
1443452962
1443450430
1443448319
1443197423
1443197497
1443197553
1443119308
1443119785
1443123499
1443102063
1442926527
1443019041
1443010401
1443018704
1443018728
1443018340
1442942974
1442874642
1442936970
1442937137
1442832892
1442845981
1442848176
1442777851
1442575010
1442579357
1442494576
1442416190
1442337940
1442396539
1442341938
1442306463
1442311400
1442312057
1442242157
1442253037
1442254438
1442139981
1441880731
1441984605
1441984668
1441875101
1441651491
1441630668
1441650004
1441650256
1441575715
1441649439
1441650164
1441572525
1441622748
1441614229
1441554430
1441361576
1441459810
1441450474
1441449778
1441444474
1441356303
1437381436
1441294655
1441294847
1441294954
1441190236
1441191522
1441192796
1440937033
1440946324
1440948350
1440524220
1440410097
1440417885
1440435893
1440263311
1440420384
1440420234
1439314417
1439312914
1439312578
1438970255
1439311848
1439201902
1439311676
1439295560
1439311445
1439311673
1439193644
1438772857
1438773618
1438773678
1438587925
1438589922
1438590407
1438355152
1438356103
1438364315
1438352993
1436889038
1437409615
1438081351
1437383922
1437658336
1438080544
1438018687
1438003160
1438003307
1437913787
1437942581
1437942612
1437932108
1437600800
1437848425
1437848475
1437577157
1437510665
1437511041
1436779437
1437482903
1437482949
1435434462
1437477715
1437477763
1437470994
1437398878
1437399511
1437399439
1437299404
1437145717
1437147987
1437145717
1437147939
1437147586
1437145717
1437114829
1436952361
1436952810
1436952848
1436630183
1436518239
1436551504
1436552673
1436377860
1436389729
1435739557
1436373395
1436373435
1436342876
1436361763
1436362047
1436276021
1436303263
1436306476
1435872516
1435751615
1435743672
1435682389
1435691259
1435696231
1435680369
1435681811
1435594104
1435498830
1435483881
1435487173
1435487431
1433837284
1435240297
1435227032
1435228630
1435228667
1435222947
1435152594
1434926378
1434992054
1435062561
1434995814
1435041679
1434980110
1434981722
1434981892
1434809023
1434730342
1434533483
1434115740
1434369860
1434369850
1434317622
1433691862
1433755903
1434150354
1433953238
1433837992
1433853815
1433881151
1433851294
1433753996
1433755236
1433755701
1433754867
1433755183
1433755207
1433513369
1433405939
1433319965
1433225996
1433189852
1433194585
1433147340
1433175098
1433175183
1432566808
1432567003
1432911566
1432850045
1432880376
1432722421
1432722869
1432670388
1432653461
1432628703
1432568286
1432594311
1432624996
1432590988
1432569517
1432565226
1432285623
1430288743
1432482815
1432482884
1432389222
1432309188
1432309441
1432210275
1431592894
1431629070
1431673052
1432126272
1432142565
1432154777
1432140837
1432130362
1432130780
1432130844
1431887717
1431896307
1431924793
1431625664
1431701942
1431709222
1431704303
1431602324
1431614874
1431611760
1431540626
1431506469
1431507631
1431453782
1431455354
1431455531
1424766504
1428066832
1431438806
1431367678
1430909138
1431359996
1431363969
1431184461
1431172090
1431110046
1431111471
1431115903
1431082667
1431082851
1431082938
1431026225
1430839408
1430814337
1430772049
1430742504
1430747926
1430751910
1430734293
1430734277
1430470158
1430398845
1430414012
1430416453
1430313969
1430316212
1430312497
1430246736
1430253617
1430254308
1430240706
1430247428
1430133721
1429885326
1429867881
1429800410
1429809452
1429124379
1429614295
1429617550
1429607111
1429526469
1429521340
1429432181
1429115115
1429116693
1429121240
1429114730
1428998313
1429081428
1429084816
1429037459
1429012231
1429016352
1429010497
1429005665
1428962055
1428666159
1428935398
1428935249
1428423232
1428426109
1428506222
1428500379
1428081422
1428082669
1428084090
1428049395
1428049416
1428049447
1427792387
1428049303
1427908607
1427908680
1427821669
1427821836
1427821968
1427807641
1427799099
1427804414
1427804560
1427693950
1427698226
1427442854
1427445064
1427295299
1427312402
1427358257
1427323406
1427314229
1427303240
1427303774
1427305019
1427135447
1427149019
1427055476
1427022881
1426707606
1426789045
1426789676
1426673572
1426625561
1426595705
1426624728
1426623713
1426623742
1426623848
1426618984
1426270784
1426583995
1426511967
1426530035
1426246089
1426528405
1426528451
1426502723
1426501756
1426329837
1426271220
1426274360
1426274449
1426193679
1426196305
1426201673
1426186002
1426077128
1426086327
1426089165
1426080909
1426016736
1426017678
1426013631
1425985581
1425986345
1425930629
1425930898
1425939097
1425824099
1425824442
1425824486
1425817894
1425811641
1425816387
1425816613
1425640937
1425671351
1425404132
1425654687
1425654834
1425494322
1425643273
1425643308
1425629950
1425641479
1425641523
1425573993
1425550047
1425549574
1425544158
1425374424
1425500776
1425543520
1425509285
1425460145
1425405413
1425425821
1425432698
1425432643
1425414283
1425417113
1425417143
1425405646
1425409066
1425412031
1425400258
1425397743
1425396279
1425393923
1425394127
1425318786
1425319003
1425328053
1425319851
1425322465
1425316640
1425298284
1425306955
1425307048
1424978982
1424983344
1424974920
1424949654
1424949359
1424885820
1424907105
1424799894
1424794685
1424794542
1424783570
1424525142
1424626641
1424626750
1424618691
1424623042
1424626508
1424545566
1424527285
1424544160
1424545400
1424538177
1424538435
1424510073
1424525209
1424525486
1424521151
1424521765
1424383699
1424430839
1424439478
1424430727
1424431256
1424431292
1424430093
1424430295
1424430343
1424423480
1424423546
1424294247
1424294621
1424298207
1424184961
1424275909
1424275970
1424257197
1424190059
1424194902
1424203808
1424106484
1424164687
1424164701
1424098300
1424164561
1424096131
1424081041
1424081993
1423844744
1423844969
1423845020
1423815292
1423816118
1423816163
1423757309
1423759556
1423759580
1422375431
1423743654
1422370738
1423682126
1423683382
1422993224
1423672508
1423672296
1423641442
1423646543
1423663104
1423588343
1423592567
1423592779
1423404589
1423409256
1423409314
1423404060
1423407196
1423407495
1423302345
1423323091
1423323700
1423241243
1423156737
1423172909
1423173184
1423048944
1423081153
1422888717
1422891709
1422897096
1422802134
1422811366
1422818128
1422695403
1422803496
1422565275
1422633957
1422634040
1422468460
1422538321
1422533080
1422400563
1422371037
1422379087
1422361772
1422363711
1422371024
1421861262
1422363018
1422363235
1422356176
1422355848
1422308431
1422345892
1422351714
1422349614
1422284799
1422295261
1422295900
1421858707
1422270635
1422271166
1422269054
1422269711
1422271156
1422219863
1422220427
1422227788
1421693435
1419779740
1422023803
1421997717
1422008257
1422008297
1421859670
1421875511
1421997315
1421924070
1421928696
1421929469
1421757068
1421758849
1421666680
1421687471
1421667413
1421668082
1421686318
1421509003
1421595580
1421595626
1421522049
1421253304
1421398295
1421492289
1421485960
1421489720
1421489870
1421412636
1421438260
1421439355
1421423946
1421412553
1421413969
1421418945
1421400502
1421401394
1420974900
1421356624
1421159974
1421232482
1421149462
1421075360
1421075440
1421075434
1421073498
1421055018
1420977319
1421005936
1421006002
1421001242
1421001696
1421002399
1420888030
1420994742
1420997077
1420910444
1420930782
1420930854
1420833321
1420824470
1420465827
1420642995
1420643506
1420406873
1420457866
1420457930
1420227749
1420412768
1420413421
1419949028
1420023719
1420023731
1419934586
1419936752
1419951687
1419936125
1419771691
1419771723
1419775762
1419616838
1419631718
1419585518
1419587897
1419592795
1419245344
1419251561
1419253908
1419233602
1419245227
1419245637
1419244564
1419245083
1419240686
1419244200
1419244322
1419234988
1419235587
1419235615
1419233643
1419148872
1419187406
1419187506
1419183967
1419184291
1419184482
1419160129
1414655049
1419001918
1419002045
1418981774
1418834509
1418854609
1418855080
1418850744
1418850991
1418851259
1418809788
1418815805
1418736790
1418668227
1418671434
1418681896
1418671772
1418674149
1418674364
1418507997
1418547968
1418548975
1418651848
1418288560
1418643726
1418643785
1418394287
1418397719
1418307220
1418308602
1418311622
1417619018
1418298207
1418294190
1418297516
1418295119
1418052058
1418053287
1418034230
1418037748
1418041846
1417730310
1417720920
1417721077
1417721097
1417682277
1417714531
1417714736
1417537994
1417551901
1417630821
1417513474
1417443941
1417451995
1417452060
1417432652
1417432870
1417432970
1417428056
1417428322
1417428345
1417357462
1417357585
1417344347
1417345264
1417033194
1416921195
1416944849
1416944865
1416924485
1416921227
1416917625
1416900745
1416853011
1416819953
1416819289
1416561234
1416571210
1416571588
1416491699
1416492351
1416393246
1416323641
1416327535
1416327765
1416252546
1416253626
1416266917
1416249948
1416235109
1416165635
1416165712
1415956912
1415957192
1415957572
1415897073
1415908669
1415909505
1415875243
1415781546
1415806708
1415730568
1415781424
1415780344
1415655237
1415691449
1415626575
1415625005
1415560895
1415624158
1415624305
1415464733
1415468871
1415468932
1415276290
1415236309
1415210190
1415199395
1415201048
1415201742
1414776267
1414943193
1414757156
1414764015
1414766721
1414609453
1414609599
1414528545
1414502879
1414523133
1414483029
1413990758
1414427150
1414433747
1414156586
1414146169
1414146512
1414076901
1414144194
1414070011
1414067966
1413988983
1413988750
1413999412
1413930661
1413985596
1413985789
1413738179
1413729755
1413654425
1413654209
1413651428
1413568647
1413536780
1413554701
1413488161
1413489193
1413489272
1412747649
1413102431
1413462724
1413457528
1413367267
1413391135
1413391949
1413278252
1413278450
1413302572
1413217308
1413126728
1413123496
1413033761
1412950853
1412851240
1412837868
1412838505
1412838505
1412790201
1412797430
1412797917
1412790357
1412796441
1412796897
1412795482
1412765881
1412759623
1412587548
1412586767
1412551289
1412556225
1412434479
1412262942
1412350221
1412418583
1412260340
1412264763
1412180425
1412195733
1412197546
1412195424
1412103967
1412179791
1412179834
1412102932
1412083013
1412096727
1412099933
1411916008
1412075869
1412075587
1412006283
1412003502
1411918390
1411921698
1411819749
1411809881
1411716345
1411638677
1411642973
1411645782
1411634401
1411572772
1411556214
1411557002
1411557298
1411521677
1411495803
1411511804
1411511858
1411495473
1411495975
1411495994
1411409849
1411410319
1411410382
1411336516
1411293752
1411326653
1411330454
1411318279
1411318494
1411318516
1411224679
1411224440
1411142205
1411206462
1411206491
1411123163
1411131329
1410015664
1411024725
1411024783
1410951935
1410952532
1410948153
1410805951
1410854959
1410724140
1410556009
1410717743
1410717830
1410515880
1410273273
1410300935
1409925576
1410196034
1410196073
1410174458
1408706163
1409993437
1409746900
1409821242
1409883636
1409812110
1409692433
1409781391
1409781410
1409580174
1409671469
1409692926
1409692130
1409692476
1409692494
1409560886
1409660799
1409660886
1409386156
1409336335
1409312133
1409227456
1409230474
1409232033
1408657815
1409043341
1409043398
1409039634
1409043257
1407966663
1408993323
1409043063
1408977679
1408977802
1408981874
1408977907
1408448353
1408451128
1408464273
1408448497
1408442895
1408444525
1408445864
1408004342
1408004680
1408434364
1408429678
1408430118
1408430150
1407778245
1407965075
1407966548
1407226025
1407325933
1407851956
1407314888
1406825827
1406642970
1406193744
1406233034
1406233822
1406047177
1406049276
1406050927
1405957177
1405957514
1405811499
1405814391
1405814427
1405445550
1405460056
1405460216
1405418814
1405336464
1405330924
1405158669
1404908393
1404914102
1404729213
1404729414
1404729431
1404728715
1404578353
1404579422
1404579735
1404496523
1404548992
1404554927
1404409487
1404469194
1404471966
1404396471
1404217537
1404316684
1404334413
1404141277
1404293255
1404334398
1403946776
1404308789
1404322546
1404310697
1404310801
1404310961
1404211081
1404235512
1404240929
1404217518
1404222909
1404237538
1404234218
1404134192
1404148932
1404152982
1404137441
1404149524
1404149772
1404115686
1404102674
1403964053
1404055739
1404060441
1404034581
1404036109
1404048366
1404046126
1404047867
1403194151
1403891950
1403899484
1403892989
1403878254
1403881496
1403881764
1403865940
1403716674
1403719017
1403719221
1403704797
1403723692
1403724177
1403491130
1403603796
1403683584
1403603741
1403604287
1403535632
1403538565
1403339277
1403413303
1403420209
1403254182
1403271214
1403271829
1403204713
1403204916
1403204952
1403020642
1403042856
1403043307
1403019730
1402045258
1402927196
1402933364
1402921967
1402884127
1402884175
1402909830
1402858744
1402860743
1402860796
1402824399
1402476807
1402480821
1402662533
1402650991
1402657388
1402657760
1402558824
1402564194
1402583609
1402573051
1402302057
1402486542
1402560791
1402502981
1402506676
1402486719
1402489214
1402491394
1402489376
1402478457
1402478509
1402478656
1402395499
1402403757
1402398578
1402393255
1402398149
1402323618
1402324646
1402328275
1402258988
1402325029
1402325156
1402311574
1402311846
1402311988
1401171983
1401216580
1402230949
1401983632
1402147048
1402147081
1402066205
1402066401
1402066438
1402050991
1402051188
1402051227
1401987611
1401962358
1401962538
1401983821
1401909938
1401910257
1401910338
1401871453
1401828860
1401831377
1401831394
1401812053
1401798964
1401781217
1401387649
1401467558
1401467890
1401281556
1401309284
1401456911
1401383293
1401399390
1401400947
1401385344
1401294219
1401302698
1401302812
1398715373
1401297264
1401293575
1401146114
1401216640
1401271162
1401194396
1401213372
1401213984
1401184751
1401189898
1401190300
1401045842
1401035260
1401025483
1401018746
1400785899
1400768365
1400768957
1400769747
1400759815
1400760105
1400510207
1400514248
1400677430
1400673941
1400674462
1400674551
1400620121
1400620545
1400621687
1400595770
1400599206
1400599231
1400515940
1400255329
1400427090
1400427450
1400050599
1400073140
1400185621
1400180896
1400183091
1400184353
1400069167
1400149564
1400150051
1400149571
1400092995
1400112082
1400112143
1400062723
1400054737
1399647142
1399933203
1399904369
1399917376
1399918945
1399918918
1399906248
1399903316
1399883157
1399799157
1399736862
1399487508
1399538312
1399593564
1399494592
1399582206
1399584047
1399543922
1399484432
1399494387
1399497860
1399458753
1399344551
1399452732
1399452584
1399384929
1399382321
1399360121
1399344767
1399344551
1399146319
1399324641
1399324681
1399310810
1399299667
1399294195
1397045884
1399193971
1399240104
1399224321
1399223877
1399141720
1399104781
1399103557
1398768149
1399103931
1399104005
1399031416
1399037901
1399037942
1398846378
1398840990
1398243264
1398782179
1398789493
1398753744
1398766807
1398758404
1398724467
1398076294
1398518780
1398707055
1398623073
1398611023
1398507982
1398528955
1398530153
1398511104
1398237826
1398284164
1398284747
1398265463
1398268211
1398268269
1398256701
1398260960
1398264935
1398243862
1397062396
1398237629
1398155248
1398157994
1398157997
1397901867
1397905857
1397905933
1397819883
1397824808
1397825379
1397812379
1397551813
1397590161
1397591643
1397582676
1397573266
1394187369
1394553441
1397550355
1397479364
1397496536
1397497119
1397394450
1397121999
1397038710
1397062084
1397063897
1397045198
1397045801
1397045885
1396963598
1396959393
1396948960
1396948160
1396877104
1396880915
1396865580
1396866400
1396866693
1396819500
1396821444
1396851990
1396779774
1396807877
1396808344
1396769275
1396780413
1396780497
1396609991
1396639492
1396700608
1396637012
1396607654
1396631369
1396631441
1396468894
1396614978
1396615163
1396438407
1396522679
1396522684
1396458260
1396464481
1396467336
1396391266
1396461593
1396462457
1396381266
1396381800
1396421367
1396251042
1396380892
1396381110
1396368689
1396373676
1396375477
1395922897
1396361626
1396361675
1396359161
1396359307
1396355248
1396352872
1396298503
1396300255
1396300348
1396299749
1396299914
1396300042
1396274217
1396279162
1396280493
1396192553
1396105945
1396112967
1396113030
1396016641
1396043708
1396030570
1396034345
1396029429
1396031571
1396014975
1396026556
1396031455
1396024193
1396014302
1390741579
1395953119
1395963149
1390687979
1390737965
1395952918
1395951880
1395951751
1395940583
1395950003
1395951074
1395920960
1395934117
1395940503
1395915840
1395932019
1395932673
1395840398
1395855630
1395855916
1395843477
1395843388
1395831679
1395697720
1395826402
1395826474
1395756397
1395759396
1395759437
1395713248
1395713768
1395676317
1395684986
1395703991
1395666271
1395666573
1395685565
1395675291
1395665282
1395668913
1395669265
1395667375
1394277910
1395665400
1395665545
1395430175
1395491117
1395491367
1395485866
1395486453
1395486494
1395412920
1395432200
1395479382
1395335529
1395418027
1395418101
1395389018
1395391607
1395408447
1395334570
1395339897
1395341474
1395330391
1395330405
1395237373
1395245019
1395236991
1395237234
1395237306
1395232256
1395235349
1395200441
1395167955
1395168131
1395168146
1395134107
1395148508
1395142745
1395143721
1395127449
1395090209
1395070611
1395084159
1395084195
1395082327
1394975898
1395067522
1395067582
1394919224
1394196931
1394916049
1394916120
1394823336
1394902580
1394905949
1394897870
1394899793
1394875015
1394808050
1394852804
1394864442
1394781707
1394655846
1394553782
1394564375
1394564647
1394564728
1394540979
1394453049
1394452839
1394530128
1394530270
1394528457
1394207043
1394478571
1394480143
1394476115
1394473335
1394473809
1394474175
1394470607
1394217432
1394221881
1394389360
1394205049
1394187470
1394180859
1394180974
1394181275
1394181068
1394180188
1394180419
1394180579
1394179445
1394175844
1394140223
1394145403
1394130795
1394128313
1394128563
1394128678
1394121230
1394113267
1394113233
1394098865
1394026356
1394038541
1394096340
1394026215
1394046849
1394055092
1394043702
1394044006
1394044028
1394029501
1394008424
1394026595
1394026947
1394013450
1393842089
1393945901
1392906696
1393931623
1393937518
1393934160
1393884708
1393859719
1393863724
1393871887
1393870964
1393871219
1393595903
1393603843
1393699697
1393689762
1393582967
1393559735
1393559473
1393534627
1393558211
1393559052
1393526766
1393537235
1393542137
1393525795
1393532946
1393532979
1393527401
1393454507
1393521470
1393526025
1393510563
1393495366
1393439324
1393436896
1393421913
1393435318
1393435381
1393423265
1393428437
1393434831
1393427034
1393432885
1393432921
1393426188
1393248064
1393416122
1393417074
1393349106
1393350797
1393350835
1393338538
1393340132
1393348331
1393340019
1393238525
1393271926
1393272318
1393163258
1393270950
1393271999
1393260502
1393260605
1393260620
1393256162
1393196451
1393178318
1393188435
1393188512
1393089695
1393026998
1392909458
1392897008
1392897762
1392898004
1392855678
1392886174
1392889751
1392827518
1392855899
1392855934
1392836316
1392837455
1392837508
1392802629
1392831837
1392831957
1392829020
1392829471
1392830972
1392829273
1392749987
1392827267
1392827291
1392813921
1392802889
1392809585
1392809103
1392800249
1392806940
1392806981
1392739478
1392743213
1392768554
1392751154
1392751853
1392757127
1392731308
1392755776
1392757074
1392636298
1392752467
1392752606
1392750045
1392747784
1392727693
1392738448
1392738902
1392735542
1392735874
1392735934
1392729947
1392715541
1392726645
1392629671
1392664813
1392717680
1392663193
1392709325
1392709339
1392678704
1392678755
1392678774
1392673753
1392673920
1392673945
1392639925
1392659875
1392667092
1392639326
1392663415
1392667067
1392636390
1392636847
1392638200
1392578689
1392578855
1392581196
1392578570
1392581022
1392581188
1392580015
1392549570
1392577866
1392578526
1392542362
1392481350
1392456117
1392418674
1392391258
1392391162
1392383470
1392384253
1392384309
1392331349
1392312638
1392318091
1392324063
1392307673
1392312218
1392316195
1391271953
1392254889
1392224421
1392227280
1392230955
1392223566
1392107447
1392206980
1392222731
1392222213
1389211309
1392219178
1392219492
1392202038
1392202836
1392202884
1392024211
1392201783
1392201820
1389211037
1390407107
1390408890
1392112181
1392116052
1392153868
1392134266
1392149861
1392149435
1392043002
1392133723
1392115725
1392115940
1392116013
1392107466
1392104259
1391685391
1391714470
1392077509
1392023944
1392030319
1391967507
1391982914
1391983377
1391938785
1391942840
1391942864
1391335664
1391937520
1391937533
1391881772
1391878850
1391698104
1391703256
1391865646
1391718019
1391861768
1391861787
1391854803
1391856177
1391860902
1391793422
1391797293
1391799106
1391794414
1391784434
1391786816
1391790641
1391770050
1391770228
1391770282
1391762317
1391764835
1391767797
1391708958
1391509870
1391518516
1391690629
1391618049
1391622098
1391622894
1391619098
1391606706
1391611672
1391518045
1391598752
1391598841
1391592938
1391599939
1391600151
1391516553
1391590699
1391591883
1391539969
1391549634
1391549717
1391359672
1391282157
1391358771
1391358782
1391284573
1391276746
1390897592
1391183702
1391192343
1391183125
1391185091
1391190912
1390928991
1391183741
1391183825
1390856815
1391182763
1391182976
1391179968
1391180065
1391180095
1391169531
1391095486
1391095764
1391096130
1391081264
1391083373
1391086183
1390843427
1391021464
1391035584
1390902159
1390904348
1390913771
1390900506
1390895905
1390899971
1390900145
1390812730
1390853162
1390853326
1390522501
1390570122
1390822678
1390810873
1390816668
1390817005
1390811416
1390647617
1390771518
1390771556
1390677879
1390682483
1390678047
1390671977
1390672685
1390672767
1390650481
1390648759
1390648974
1390649083
1390401253
1390553092
1390582015
1390571379
1390497012
1390497150
1390497566
1390322647
1390402899
1390404338
1390388033
1390389878
1390330812
1390332399
1390332416
1390298247
1390308760
1390308852
1390305821
1390231247
1390296230
1390296522
1380190956
1389817065
1390233190
1390222171
1390230789
1390231212
1390164910
1390229540
1387640110
1388060205
1390188102
1390068350
1390146128
1390146301
1389790051
1390125367
1390144652
1389971959
1390066655
1390066715
1389994343
1390036572
1390036690
1389613732
1389963178
1389995127
1389970419
1389972757
1389973644
1389863692
1389961004
1389971971
1389824132
1389818893
1389821028
1389821086
1389814904
1389808613
1389811389
1389812095
1389808979
1389802273
1389802633
1389802650
1389717828
1389717945
1389802452
1389720070
1389786909
1389795912
1389779097
1389648081
1389612387
1389716539
1389722348
1389708940
1389703343
1389618355
1389618515
1389688592
1389616219
1389632399
1389613346
1389615089
1389548020
1389549218
1389550576
1389438336
1389463695
1389492978
1387572796
1389462849
1389462935
1389426854
1389440632
1389440753
1389440451
1389372837
1389377642
1389437986
1389278987
1389374115
1389376139
1389353188
1389371170
1389371272
1388998844
1389367490
1389367684
1389353462
1389353806
1389354932
1389289063
1389291071
1389291215
1389275006
1389283380
1389284669
1389263716
1389113106
1389194236
1389217093
1389213035
1389216827
1389216976
1389208983
1389211645
1389211676
1389206352
1389194247
1389173554
1389174587
1389174918
1389105251
1389108153
1389111916
1389112306
1389116091
1389116778
1388827718
1389108847
1389108882
1384359876
1389023763
1389105428
1389031335
1389032137
1389032714
1388659317
1388846471
1389025514
1389024621
1388750122
1388854014
1389023912
1388975003
1389009753
1389023807
1388753365
1389017524
1389017799
1388876869
1388942496
1388942607
1388929166
1388853383
1388864897
1388881149
1388848277
1388848793
1388848878
1388843403
1388843899
1388844390
1388835848
1388829939
1388830275
1388830352
1388781195
1388783303
1388764433
1388772488
1388772687
1388503484
1388512067
1388769830
1388762150
1388749029
1388754080
1388754264
1388750261
1388676717
1388676705
1388512016
1388487174
1388510663
1388511043
1388139206
1388304633
1388311518
1388243297
1388081894
1388239561
1388240009
1388235920
1388087038
1388002161
1387991849
1387993272
1387994727
1387847356
1387887784
1387839736
1387839824
1387558017
1387728589
1387730266
1387727574
1387629802
1387647442
1387536022
1387645362
1387645593
1387529904
1387567315
1387568632
1387566842
1387472321
1387483807
1387364451
1387391544
1387393342
1387384758
1387384797
1387110045
1387351212
1387371381
1387369003
1387369354
1387303450
1387361233
1387362772
1387362535
1387362641
1387361480
1387226906
1387361697
1387305132
1387357210
1387357497
1387214877
1387318652
1387319106
1387278937
1387279406
1387277308
1387195145
1387235886
1387236440
1387235207
1387219838
1387202793
1387208624
1387209243
1387193190
1387143238
1387158559
1387178492
1387121583
1387134904
1387134951
1387128080
1387118670
1387120975
1387121387
1387120701
1387016025
1387043702
1387044286
1386962595
1386938125
1386949748
1386949780
1386937263
1386935506
1386928609
1386780106
1386789044
1386861657
1386700447
1386833960
1386846276
1386844244
1386844578
1386845257
1386838140
1386838938
1386840322
1386769621
1386799649
1386782025
1386784187
1386784194
1386773049
1386776942
1386776973
1386773908
1386774075
1386773954
1386753917
1386758434
1386758499
1386680116
1386698447
1386698752
1386691182
1386675782
1386687033
1386689844
1386661915
1386662364
1386662400
1386598029
1386658650
1386661522
1386612826
1386612975
1386612613
1386612783
1386597747
1386610255
1386608922
1386609587
1386593621
1386603794
1386605669
1386580000
1386582496
1386481209
1386536538
1386536604
1386519346
1386519798
1384636731
1386452111
1386502734
1386500562
1386501263
1386501265
1386447796
1386448201
1386422219
1386427067
1386427200
1386421749
1386411157
1386357221
1386327849
1386335059
1386335599
1386166741
1386265742
1386326029
1386322356
1386236988
1386269927
1386269950
1386233242
1386234019
1386261070
1386190149
1386192006
1386256776
1386194881
1386250346
1386251261
1386246836
1386194658
1386175853
1386169802
1386169874
1386106250
1386108281
1386108984
1386099984
1386100744
1386094123
1385993923
1386020436
1386020503
1386016624
1386016635
1386017636
1385925172
1386007055
1386007133
1385978306
1385932585
1385935585
1385935748
1385923552
1385928407
1385928459
1385913088
1385915727
1385915792
1385911034
1385911335
1385911353
1385816305
1385827884
1385839707
1385821404
1385821694
1385821731
1385488545
1385805680
1385805797
1385580100
1385734437
1385734462
1385652448
1385652083
1385585678
1385590174
1385590239
1385490130
1385561003
1385575772
1385559454
1385485775
1385499565
1385499777
1385492281
1385473203
1385400085
1385404467
1385384120
1385385668
1385400556
1385398159
1385399074
1385399097
1385235683
1385385163
1385385193
1385330981
1385375541
1385384771
1385337402
1385216825
1385226876
1385226944
1385194899
1385033666
1385211253
1385212263
1384963384
1384988071
1385064744
1385064535
1385048551
1384966278
1385016448
1385034973
1384968049
1384979000
1384980276
1384927857
1384953994
1384979127
1384969412
1384944127
1384960332
1384965652
1384938802
1384938581
1384885994
1384933211
1384933321
1384811313
1384893052
1384896616
1384895381
1384892924
1384888319
1384888331
1384888453
1384887529
1384720734
1384881590
1384886233
1384799844
1384866655
1384880765
1384870279
1384870209
1384860588
1384855735
1384718328
1384725756
1384808988
1384533144
1384796511
1384801500
1384777496
1384798080
1384799633
1384721480
1384531788
1384719079
1384719380
1384186856
1384245315
1384710632
1384704434
1384704899
1384687330
1384688369
1384600768
1384586867
1384521048
1384532480
1384541363
1384537442
1384537720
1384537742
1384296937
1384520796
1384520941
1384517176
1384518976
1384417003
1384417053
1384432502
1384347128
1384356761
1384357106
1384309666
1384287028
1384290917
1384292933
1384278213
1384278728
1384127007
1384282763
1384283415
1384253671
1384100257
1384108257
1384121125
1384185638
1384186430
1384186593
1384172805
1384174310
1384174509
1383911825
1384152637
1384152836
1384099597
1383927194
1384002528
1384081724
1384014695
1384003389
1384006016
1384007518
1383921822
1383925226
1383926689
1383926340
1383732099
1383922633
1383923731
1383897300
1383921803
1383922121
1383906765
1383915187
1383919425
1383899208
1383814740
1383746359
1383746471
1383746994
1383735414
1383735727
1383735877
1383652932
1383705016
1383726494
1383697263
1383723012
1383723033
1383651949
1383680768
1383700781
1383663780
1383655411
1383634655
1383558460
1383633247
1383633247
1383602170
1383602901
1383610480
1383602185
1383602260
1383602275
1383594516
1383598797
1383599244
1383593939
1383594579
1383593278
1383593511
1383585549
1383583863
1383229321
1383581445
1383583223
1383582581
1383582735
1383582875
1383546998
1383577659
1383581901
1383501995
1383579516
1383580451
1383574108
1383574166
1383574179
1383556371
1383560886
1383561295
1383558252
1383560091
1383560300
1383560201
1383510598
1383559035
1383559113
1383545937
1383507693
1383508714
1383508765
1383498500
1383505976
1383507814
1383402554
1383502072
1383503487
1383060839
1383500332
1383500453
1383479076
1383494200
1383494914
1383472616
1383488728
1383489931
1383474172
1383486192
1383441262
1383485315
1383485426
1383429270
1383441446
1383416099
1383416251
1383435945
1382984196
1383429139
1383429189
1383390788
1383412672
1383421697
1383042025
1383414281
1383416159
1382986107
1383406520
1383409146
1383387993
1383405511
1383405558
1383393615
1383392277
1383392766
1383392802
1382536941
1383326834
1383326976
1383216902
1383224873
1383298310
1383234822
1383238051
1383238006
1383181365
1383181482
1383181568
1383171685
1383124234
1383168809
1383169015
1383159088
1383160370
1383168902
1383086853
1383160581
1383161387
1383143365
1383151292
1383151468
1382984629
1383142738
1383147109
1383068493
1383136666
1383138875
1383131302
1383132643
1383132989
1383126552
1383131466
1383131670
1383041419
1383130097
1383130411
1383128753
1383120433
1383120574
1383116594
1383087181
1383073263
1383073478
1383074007
1383061684
1383066948
1383073705
1383053831
1383072910
1383073058
1383070738
1383052062
1383054825
1383055580
1383052297
1383053765
1383053815
1383045187
1383036755
1382944140
1382951583
1382906932
1382921001
1382943374
1382912925
1382918127
1382939240
1382840118
1382868443
1382912144
1382901423
1382901504
1382901648
1382889859
1382899659
1382897916
1382898122
1382715749
1382785687
1382880111
1382689800
1382775671
1382809394
1382795455
1382797525
1382797599
1382795991
1382796353
1382796492
1382725359
1382725898
1382722830
1382725188
1382725279
1382714332
1382714959
1382714983
1382365826
1382705731
1382709810
1382655758
1382703572
1382708389
1382693075
1382704539
1382705039
1382695566
1382688611
1382677929
1382649178
1382639943
1382645654
1382645968
1382551346
1382559576
1382559906
1382638021
1382638110
1382638609
1382627298
1382636370
1382636387
1382622721
1382625886
1382633609
1382606990
1382618253
1382618479
1382607423
1382608096
1382618317
1382612521
1382604745
1382605029
1382605071
1382553870
1382554273
1382561027
1382553584
1382559932
1382560872
1382552003
1382557369
1382554123
1382554778
1382555230
1382554183
1382552065
1382553709
1382553813
1382551653
1382552627
1382552652
1382536624
1382536727
1382537401
1382531521
1382533758
1382537203
1382444059
1382476577
1382532016
1382524315
1382521823
1382522718
1382523917
1382445442
1382519944
1382522022
1382520543
1382520658
1382520706
1382482542
1382488983
1382487027
1382482078
1382382326
1382428272
1382477697
1382460886
1382463840
1382464212
1382450074
1382463873
1382464039
1382458588
1382424916
1382449783
1382450467
1382443948
1382445684
1382446305
1382427561
1382435430
1382427121
1382404857
1382390821
1382391195
1382391324
1382385123
1382390340
1382391021
1382386647
1382386727
1382390077
1382385827
1382386567
1382386883
1382385731
1382385837
1382386811
1382379585
1382385381
1382386304
1382370726
1382378992
1382379023
1382366817
1382378840
1382378942
1382377286
1382364976
1382366580
1382366647
1382364642
1382365377
1382365823
1382339346
1382342755
1382349381
1382338140
1382340203
1382341642
1382301553
1382302067
1382309219
1382139274
1382191816
1382285235
1382196090
1382196452
1382196129
1382196223
1382196355
1382196153
1382195108
1382195813
1382195875
1382115184
1382190248
1382193293
1382052823
1382192540
1382192833
1381959483
1382023871
1382192699
1382117996
1382120343
1382026564
1382112604
1382113591
1381937301
1382108048
1382108600
1382028103
1382048376
1382088232
1382047179
1382085185
1382046035
1382046498
1382046632
1382031486
1382030509
1382030752
1382030884
1382030934
1381996616
1381945667
1381960964
1381961355
1381794121
1381946742
1381946886
1381928249
1381929689
1381919748
1381924968
1381928821
1381858614
1381858672
1381859844
1381861568
1381858190
1381859147
1381862649
1381856352
1381852232
1381855431
1381855464
1381845147
1381853316
1381855317
1381853059
1381843072
1381850175
1381850879
1381846551
1381846761
1381846777
1381844523
1381842421
1381760301
1381760332
1381793420
1381785645
1381789324
1381791990
1381691696
1381694318
1381786579
1381786447
1381679263
1381704447
1381780893
1381759752
1381768206
1381779275
1381762307
1381765097
1381767395
1381757624
1381759159
1381767330
1381759093
1381760340
1381763933
1381757668
1381758406
1381759809
1381756303
1381680491
1381703560
1381739053
1381685543
1381624791
1381625832
1381684062
1381409735
1381417217
1381682463
1381508926
1381515372
1381420135
1381475630
1381509158
1381502655
1381506054
1381506126
1381475495
1381475690
1381475817
1381472780
1381473368
1381473433
1381413017
1381421747
1381436883
1381420715
1381433718
1381426186
1381430343
1381430628
1381423558
1381427860
1381430304
1381427405
1381412880
1381414302
1381415286
1381399813
1381355864
1381404471
1381355633
1381339399
1381355080
1381355131
1381327462
1381344633
1381353281
1381347760
1381348187
1381348378
1381228906
1381336774
1381340978
1381330017
1381330975
1381214877
1381314777
1381315012
1381277451
1381277938
1381280989
1381259880
1381260062
1381245232
1381250016
1381260053
1381254704
1381255075
1381258082
1381257122
1381257739
1381257818
1381251371
1381251601
1381252186
1381249875
1381171643
1381236208
1381243843
1381236287
1381236397
1381241476
1381239022
1381240739
1381238789
1381239573
1381239677
1381214669
1381187658
1381187753
1381168847
1381170750
1381170848
1381167783
1381169522
1381169658
1381159881
1381162212
1381164922
1381163310
1381164052
1381164163
1381160883
1381161086
1381161573
1381155634
1381155895
1381155948
1381155239
1381072947
1381075856
1381082878
1381081693
1381048900
1381052362
1380978576
1381047642
1381049136
1381026780
1381026590
1381014225
1380900894
1380980048
1381011296
1380906708
1380914653
1380915229
1380904564
1380907184
1380908490
1380897552
1380794845
1380834754
1380897442
1380832553
1380838004
1380838093
1380817447
1380828558
1380830140
1380826778
1380708370
1380748023
1380811208
1380717796
1380810610
1380781554
1380781976
1380782001
1380717686
1380717787
1380648748
1380713379
1380714839
1380708045
1380708260
1380708505
1380574065
1380698525
1380647557
1380656274
1380660577
1380613590
1380652978
1380653526
1380621782
1380648847
1380635440
1380647486
1380647392
1380647339
1380646714
1380627097
1380628775
1380638434
1380640132
1380635537
1380635396
1380631136
1380634443
1380635140
1380617231
1380633506
1380633517
1380622085
1380621749
1380621806
1380614093
1380574794
1380574766
1380574670
1380563908
1380570791
1380573262
1380565020
1380566291
1380572288
1380562717
1380569800
1380570033
1380006249
1380550203
1380568579
1380544074
1380546666
1380568069
1380547791
1380554076
1380566231
1380559122
1380563188
1380563304
1380560136
1380560832
1380560850
1380558378
1380558484
1380559671
1380556172
1380556578
1380556646
1380547224
1380547494
1380547841
1380524622
1380537507
1380538895
1380531659
1380485376
1380487116
1380487197
1380351831
1380444982
1380453580
1380050209
1380390055
1380393955
1380377736
1380391215
1380391242
1380104887
1380375212
1380383825
1380373829
1380297274
1380299864
1380314406
1380275105
1380308838
1380312050
1380306969
1380307446
1380307677
1380299478
1380269900
1380279058
1380282855
1380274349
1380274408
1380274595
1380267457
1380214009
1380218376
1380218470
1380208464
1380210884
1380211044
1380188508
1380208668
1380210952
1380130499
1380126376
1380127163
1380127269
1380101290
1380101406
1380101535
1380021423
1380056317
1380089391
1379854371
1380055634
1379960880
1379961125
1380055602
1380052389
1380052698
1380053292
1380046204
1380046532
1380047184
1380026801
1380032285
1380043309
1380025059
1380024506
1380017543
1380018588
1380021790
1380017986
1379976528
1379977327
1380002327
1379961501
1379972379
1379975249
1379961277
1379969938
1379970052
1379938507
1379959315
1379959374
1379942880
1379943117
1379944095
1379882014
1379937673
1379937967
1379937876
1379849672
1379851340
1379937787
1379626314
1379878890
1379878928
1379860148
1379860305
1379856050
1379857181
1379859115
1379846583
1379847672
1379855851
1379855763
1379796904
1379841583
1379847491
1379787851
1379842761
1379846854
1379617443
1379623990
1379797301
1379626437
1379615396
