1530866001
1530866460
1530728158
1530778042
1530783744
1530774040
1530716147
1530716366
1530735019
1530551958
1530272521
1530355967
1530358178
1530293634
1530112787
1530127326
1530086642
1530092916
1529847050
1529688763
1529702686
1529481004
1529487346
1529165039
1529177368
1528981808
1529177610
1528891107
1528633290
1528791219
1528724421
1528272323
1528087854
1528094637
1528019937
1528020245
1527845485
1527951476
1527240680
1527073879
1527098383
1527098633
1526655621
1526656615
1526724637
1526225492
1526234278
1525768837
1525941627
1526053397
1525939371
1525857113
1525785613
1525761003
1525687036
1525689315
1525687327
1525685981
1525686820
1525685068
1525622486
1525622765
1525437120
1525376112
1525271651
1525268578
1525269027
1525259699
1525106648
1525085118
1524927169
1524927006
1524754305
1519073975
1519126505
1519149063
1524239138
1524234811
1524150806
1524142569
1524053706
1524057588
1524049976
1523905907
1523896144
1523879295
1523887321
1523887353
1523780893
1523790011
1523812696
1523692312
1523696080
1523701067
1523607884
1523272813
1522841199
1522915896
1522513250
1522515711
1522544271
1522173560
1522512951
1522513123
1521991161
1521990900
1521981066
1521981780
1521977265
1521304167
1521453381
1521108895
1517998157
1520833348
1520845240
1520333285
1520410828
1520677560
1520442586
1520524865
1520595376
1520337228
1520007920
1519824674
1519824816
1519824839
1519832753
1519832131
1519732315
1519672776
1519588490
1519588855
1519242690
1519125904
1519118726
1518696031
1518699115
1518691969
1518645820
1518634823
1518426970
1518427043
1518460757
1517143410
1517352907
1518000587
1518431467
1518432748
1518433055
1514382900
1514383129
1517755018
1517755548
1517328057
1517209884
1517247650
1517247664
1517222989
1517050885
1516980895
1516983603
1516989405
1516817265
1516816800
1516624688
1516705326
1516705598
1516458173
1516200551
1516200877
1516199880
1516167118
1516163586
1516121428
1516103270
1516104181
1516104367
1516041198
1516041445
1516048228
1456270011
1457044980
1516046821
1515745394
1515748170
1515755545
1515672424
1514909250
1515539365
1515543457
1514908742
1513791908
1514056148
1513630182
1513631021
1513551319
1513581287
1512985805
1512986698
1512515419
1512031868
1511900100
1511514777
1507990062
1511455903
1511427077
1510165710
1510140107
1509013651
1509107745
1509713092
1509456140
1509533339
1509638876
1508947690
1508951171
1508959304
1508922018
1508922205
1508863278
1508863869
1508876066
1508513872
1508488408
1508489943
1508441745
1508421411
1506670380
1508345664
1508281819
1508272702
1508237057
1508247884
1508188959
1508189117
1508145401
1508145945
1508145992
1507986344
1507815901
1507801428
1507815679
1507739260
1507739285
1507741944
1506855734
1507734116
1506523270
1507734018
1507722435
1507642577
1507642168
1507540019
1507487851
1507051040
1507050265
1506955681
1506878406
1506881451
1506881497
1506671008
1506669677
1506590865
1506545658
1506522318
1506528051
1506460562
1506534349
1506455636
1506514493
1506455503
1506455730
1506505580
1506434501
1505848458
1506428928
1506421251
1505848795
1505908380
1505920032
1505835302
1505844993
1506275787
1506160417
1506166008
1506262289
1505993057
1505827100
1505827312
1505809047
1505743187
1505744468
1505764986
1505551803
1505565337
1505776026
1505587476
1505729183
1505765165
1505587114
1504864566
1505402509
1505565597
1505472150
1505550361
1505549757
1505549718
1505481591
1505477280
1505461539
1505398892
1505410110
1505410507
1505234139
1505234111
1484056584
1487094869
1505139012
1505063354
1505066926
1504955303
1504972002
1504974337
1504556601
1504512281
1504513478
1504523990
1504167965
1504176031
1502541001
1502574062
1504168022
1503932845
1503967402
1503588821
1503415732
1503405503
1503390600
1503399129
1503401030
1503403117
1502961051
1502455916
1502460002
1502529810
1502375556
1502374445
1502118336
1502119575
1502119579
1501767445
1501768543
1501778131
1499766853
1500816431
1500905992
1500988560
1500970970
1500910007
1500913796
1500883993
1500885459
1500885469
1500796169
1500545298
1500546777
1500578554
1500557839
1500384933
1500549646
1500446374
1500392224
1500393319
1500396805
1500034618
1500208162
1500225788
1500301829
1500304062
1500305017
1500280738
1500295676
1500296707
1500200232
1500203682
1500060376
1500035871
1500023942
1500025908
1500027435
1499940433
1499940736
1498139984
1498198888
1498245654
1499884471
1499892920
1499896943
1499781484
1499823767
1499841983
1499772030
1499776469
1499784936
1499161937
1499163383
1499168398
1499611983
1499681242
1499708804
1499700978
1499335830
1499335928
1499336036
1499452243
1499452404
1499425484
1499436981
1499439325
1499413079
1499419834
1499421233
1490372085
1490387122
1499360070
1499249022
1499254517
1499301482
1499160595
1499267850
1499273970
1499078009
1499191430
1499191548
1499086942
1499111766
1499162409
1499110999
1499112673
1499107825
1499110768
1499110806
1498852053
1498853235
1498869284
1498836975
1498664476
1498809776
1496743306
1498673853
1498676363
1498724911
1498638200
1498660547
1498672905
1498499317
1498499631
1498499668
1498503923
1498504574
1498471168
1498472024
1498488593
1498229585
1498395368
1498469763
1498469506
1498297126
1498305389
1498250183
1498254666
1498255148
1498150553
1498150693
1498151107
1498206352
1498212239
1498213442
1498112631
1498138696
1498155316
1498124870
1498129279
1498129460
1498124516
1497950175
1497969450
1498075491
1498044612
1498044659
1498047429
1498041339
1498041602
1498035223
1498037505
1498037684
1497862006
1497894954
1498031458
1497972587
1497857335
1497864104
1497967005
1497956327
1497961331
1497941062
1497943274
1497943405
1497608176
1497611199
1497612755
1497549592
1497544911
1497426471
1497426686
1497434042
1497345500
1497346433
1497426206
1497098077
1497350930
1497019083
1497192319
1497347138
1497088114
1496951118
1496951498
1496951642
1496871319
1496875370
1496876164
1496773764
1496778998
1496827913
1496838399
1496846837
1496822347
1496822405
1496834909
1496837000
1496830891
1496832665
1496569533
1496592409
1496766134
1496649732
1496649925
1496651076
1496411839
1496413344
1496418386
1496415612
1496413983
1496330893
1496355049
1496327102
1496327276
1496327101
1496326451
1496319886
1496320404
1496321623
1496161100
1496239044
1496157704
1496158086
1496156617
1496156400
1496128561
1496131219
1495963590
1496065239
1496076533
1496063076
1496073215
1496075928
1496073451
1496073633
1496075596
1496073849
1496073637
1496070476
1496058040
1496064476
1496065022
1495960171
1495960743
1495706810
1495907928
1495907939
1495714355
1495714848
1495718211
1495712787
1495712653
1495712885
1495713056
1495702202
1495614645
1495617644
1495527960
1495301260
1495306777
1495519578
1495523268
1495523328
1495523391
1495471622
1495196375
1495197415
1494958206
1494952813
1494942778
1494943622
1494942923
1494843191
1494844683
1494845095
1494782653
1494782750
1494782789
1494679371
1494503487
1494504631
1494437090
1494500647
1494500679
1494515538
1494516595
1494516640
1494507459
1494333859
1494401880
1494331800
1494248850
1494264186
1494102141
1494144905
1493924794
1494002081
1494002444
1493891716
1493900369
1493826175
1493721160
1493721813
1493638980
1493639827
1493643982
1493544696
1493558460
1493566115
1493552614
1493552770
1493376114
1490876425
1493296505
1493308264
1493314097
1493209988
1493232737
1492788356
1492882094
1492996534
1493153637
1493153945
1492861410
1492686891
1492687429
1491850722
1491856750
1491894242
1492613282
1492618351
1492618374
1492614202
1492076792
1492278379
1492278896
1492249641
1492257280
1492254376
1492248600
1491900568
1491858818
1491859170
1491841963
1491843729
1491850832
1491760814
1491760946
1491776687
1491569544
1491574058
1491586063
1491496968
1491498464
1491481442
1491484419
1491493808
1491222884
1491237886
1490950629
1490959077
1490894063
1490941035
1490879357
1490885687
1490889218
1490885554
1490887777
1490894763
1490892234
1490892591
1490713281
1490363238
1490369063
1490372572
1490378095
1490381571
1490386822
1490363912
1490185640
1490186276
1490202993
1490027989
1490028213
1490028338
1489947746
1489577994
1489168199
1489168435
1489174658
1489399802
1489401860
1489402946
1489339636
1489232803
1489233444
1489233637
1489157178
1489157301
1489157528
1488954525
1488975149
1488994099
1488990715
1488897576
1488960409
1488897701
1488911443
1488898709
1488829683
1488897549
1488829683
1488822878
1488824626
1488834862
1488834292
1488820026
1488821918
1488822803
1488806783
1488807317
1488809516
1488465150
1488496522
1488551201
1488476615
1488475291
1488476815
1488293210
1488463779
1488452406
1488452318
1488290311
1488374583
1488375404
1488289040
1488288999
1488286136
1488287619
1488233211
1488233843
1488262231
1487928643
1487928876
1487769288
1487840824
1487860795
1487863739
1487856966
1487789263
1487792388
1487791708
1487757067
1487762130
1487689327
1487761909
1487619290
1487685882
1487760552
1487686589
1487679525
1487622316
1487628646
1487628736
1487586046
1487610605
1487520404
1487527704
1487496151
1487497574
1487499921
1487497079
1487441971
1487440700
1487439765
1487158176
1487160660
1487328650
1487180155
1487201989
1487328747
1487270425
1487273414
1487311843
1487252145
1487252277
1487263270
1487249669
1487248867
1487248735
1487241486
1487241890
1487243667
1487069402
1487181586
1487183085
1487096545
1487096615
1486933168
1487022258
1487074438
1486980303
1487003293
1487003281
1464602118
1464774070
1486981628
1486806120
1486806302
1486829710
1486544694
1486724709
1486748370
1486722586
1486725587
1486726478
1486724302
1486724824
1486725078
1486627588
1486641893
1486664017
1486657849
1486662607
1486662739
1486657846
1486657946
1486658953
1486383285
1486386021
1486386026
1486649664
1486649798
1486645400
1486645516
1486571807
1486572877
1486574992
1486574141
1486464835
1486504580
1486567149
1486464255
1486406970
1486418662
1486399996
1486400613
1486206610
1486217420
1486370222
1486369303
1486369464
1486371178
1486138852
1486144878
1486331380
1486317343
1486326507
1486326994
1486315099
1486315667
1486315762
1486303810
1486304608
1486306788
1486204294
1486206461
1486206642
1485987521
1486051633
1486125354
1486126079
1486050136
1486052325
1486053785
1484314642
1484356373
1485897758
1486056318
1486052652
1485190647
1485254084
1485965395
1485966614
1485967731
1485967809
1485949003
1485958783
1485943618
1485943716
1485945826
1485860064
1485771795
1485602012
1485607877
1485610278
1485183813
1485614667
1485619564
1485617327
1485618098
1485618237
1485598777
1485598878
1485185246
1485556892
1485595232
1485534188
1485534258
1485535326
1485444413
1485445267
1485445975
1485446520
1485542099
1485520927
1485460123
1485439117
1485170423
1485355220
1485350940
1485336380
1484902447
1484912037
1484913178
1484944515
1484947302
1485358720
1484910537
1484912610
1484921498
1484854845
1484874708
1484902654
1484763405
1484765447
1484822718
1484575397
1484814191
1484814780
1484813634
1484813742
1484396956
1484777443
1484778096
1484648314
1484746308
1484309017
1484680964
1484686770
1484674919
1484676688
1484397279
1484407501
1484470758
1484497899
1484500337
1484514209
1484499606
1484504551
1484505652
1484422210
1484424988
1484410458
1484410800
1484411948
1484393547
1484393959
1484316856
1484317412
1484234039
1484239230
1484318497
1484319157
1484154890
1484220917
1484234605
1484237004
1484157404
1484163388
1484163470
1484148290
1484162325
1484153045
1484153235
1484154174
1483980496
1483980642
1484041142
1484130875
1484047216
1484047562
1484047636
1483976750
1483995540
1486747538
1483894510
1483898516
1483900051
1483893394
1483894332
1483894447
1483526406
1483528275
1483894131
1482318430
1482322052
1482326644
1483806789
1483808807
1483809299
1483710189
1483620186
1483446519
1483447798
1483457372
1483003584
1483090159
1483442857
1483358480
1483359775
1483362349
1483024851
1483028505
1483186433
1483187179
1482509505
1482574742
1482256827
1482264940
1482171387
1482171813
1482241946
1482054126
1482068452
1482141029
1482233149
1482234313
1482234632
1482242562
1482242977
1482231930
1482234224
1482234846
1482187529
1482229707
1482230250
1482138600
1482142378
1482146179
1480949227
1480951000
1481990116
1481995253
1481999412
1482003578
1481898466
1481913554
1482056713
1481974383
1481976314
1481911164
1481911705
1481911730
1481810591
1481747414
1481710059
1481733868
1481548409
1481198663
1481206949
1481236817
1481200195
1481201098
1481205293
1481128050
1481131243
1481111325
1481099561
1480416826
1480933114
1479926247
1479926628
1479929439
1480580852
1480580841
1475142773
1475165064
1480491589
1480410813
1479812358
1480079194
1480357123
1480352706
1480352736
1480352748
1480336782
1480336725
1480005682
1480006236
1480006163
1479844369
1479844672
1479896773
1479993247
1479981995
1479894899
1479894697
1479764238
1479767380
1479679365
1479597205
1479595132
1479574445
1479477776
1479481649
1479481838
1479471849
1479474582
1479476808
1479476681
1479476006
1479399075
1479399236
1479310870
1479210203
1479213404
1479284824
1479194423
1479033791
1478962592
1478968144
1478784982
1478785189
1478613012
1478613449
1478613553
1478545654
1478545725
1478531555
1478531605
1478252035
1478256440
1478256754
1478256317
1478088026
1478114963
1478194221
1478195877
1478197099
1478205310
1477386161
1478195208
1478204655
1478200219
1478202929
1478202956
1478176995
1478180077
1478180744
1478020870
1478075482
1478194616
1478187592
1478187912
1478187961
1478186558
1478189792
1478105229
1478105433
1478105467
1477820068
1477823889
1477824000
1478078395
1478035150
1478038147
1478072824
1477863314
1477864551
1477864603
1477855056
1477863218
1477869121
1477766190
1477787037
1477664967
1477667519
1477664351
1477664407
1477664446
1477469362
1477491089
1477429803
1477217353
1477220018
1477221137
1477148830
1477148915
1477149490
1477071770
1477082151
1477095359
1476960068
1476808301
1476808197
1476808041
1476724375
1476724940
1476702078
1476702026
1476615443
1476534283
1476529886
1476257038
1476257273
1476460976
1476526258
1476525604
1476448878
1476351755
1476357289
1476398604
1476375840
1476384238
1476375809
1476260671
1476349750
1476209754
1476211974
1476218758
1476274082
1476255852
1476113857
1476206695
1476206988
1476194836
1476094194
1476093733
1476001066
1476003609
1476003683
1475850948
1475853634
1475853664
1475851027
1475754448
1475763284
1475763888
1475773075
1475774785
1475678968
1475775248
1475777885
1475775498
1475777104
1475685761
1475516259
1475669781
1475670189
1475665684
1475594269
1475572479
1475530308
1475524079
1475320488
1475320683
1475521192
1475518480
1475520033
1475520213
1475506677
1475326579
1475334253
1475168358
1475321131
1475166919
1475186496
1475300549
1475232137
1475243485
1475300457
1475164530
1475255744
1474558602
1474999882
1475248915
1475245161
1475185984
1475163061
1475175165
1475185950
1475168675
1475171227
1475171147
1475165368
1475167134
1475167378
1474558834
1475093325
1475150529
1475139568
1475139596
1474547109
1475097486
1475099361
1475093149
1475094948
1475089498
1475087267
1475072175
1475076058
1474479753
1475063032
1475070875
1475058141
1475059922
1475052507
1474363381
1475047566
1475047598
1475047052
1475047232
1474966467
1474971415
1475006774
1475005732
1474915497
1474915589
1474912499
1474914070
1474914547
1474903793
1474872831
1474880955
1474830913
1474831033
1474831485
1474792573
1474793017
1474724308
1474725085
1474725783
1474721393
1474623143
1474551782
1474385124
1474391343
1474413739
1474470073
1474472115
1474480681
1474540326
1473946431
1474486667
1474520539
1474446071
1474446907
1474456180
1474451080
1474360257
1474361252
1474414145
1472554067
1474122686
1474126068
1474039091
1474032711
1474032891
1473941947
1473947007
1474018446
1473864826
1473867805
1473950539
1473871005
1473876927
1473876953
1473871286
1473871394
1473761328
1473763683
1473785881
1473710330
1473713350
1473739326
1473756376
1473760570
1473760763
1473673714
1473612614
1473612744
1473612928
1473601037
1473607323
1473608258
1473491165
1473497036
1473514931
1473426484
1473428482
1473430102
1473501171
1473501631
1473405921
1473406398
1473406698
1473240251
1473240448
1473243947
1473256309
1473282332
1473289391
1473267365
1473270500
1473270716
1473145544
1473153554
1473168825
1473094597
1473094824
1473095243
1473069090
1472910552
1472910796
1470150620
1470151648
1472892683
1472814846
1472814909
1472649991
1472718421
1472568208
1472570453
1472570547
1471960130
1471960689
1471961929
1471213588
1471248249
1471850793
1471949939
1471950325
1471950528
1471949602
1471797409
1471822999
1471087436
1471088909
1471095110
1470862026
1470862216
1470831107
1470566824
1470567447
1470567543
1470222018
1470042346
1470045392
1470077132
1470042560
1469695363
1468950835
1469007619
1469452731
1469111119
1468947281
1469090898
1469095506
1469094632
1469095486
1469095895
1469093306
1469088908
1467625726
1467971441
1467997550
1468863584
1468687139
1468863685
1468789848
1468782525
1468784998
1468785156
1468581765
1468584310
1468574830
1468511537
1468511754
1468571115
1468416893
1468418091
1468425347
1468428571
1468428982
1468429013
1468399550
1468399031
1467897910
1468257650
1468346994
1468390655
1468359741
1466693131
1468356595
1468335843
1468344350
1468085546
1468090811
1468322440
1468156932
1468160163
1468262132
1468255081
1468255193
1468255210
1468150015
1468151149
1468157117
1468146540
1467977048
1467997499
1468001011
1467987872
1467988359
1467988455
1467901228
1467901649
1467828890
1467653724
1467731515
1467797423
1467816675
1467569151
1467570464
1467570632
1467529049
1467544406
1467550649
1467544262
1467203104
1467299425
1465805454
1467300414
1467239037
1467239746
1467283809
1467102836
1467276339
1467276984
1467228556
1467230886
1467196491
1467227099
1467227132
1467201778
1467043393
1467131971
1467140233
1467196067
1467196268
1467196401
1467196171
1467018706
1467019242
1467020261
1466862866
1467012895
1467016353
1466527014
1466893341
1466922910
1466915254
1466931855
1466931883
1466875969
1466443932
1466681657
1466682341
1466783293
1466776000
1466776125
1466756917
1466757591
1466758579
1466326740
1466607773
1466617200
1466588539
1466506617
1466534904
1466535119
1466526037
1466499693
1466506598
1466514247
1466499881
1466434863
1466453663
1466499766
1466333196
1466363372
1466352461
1466265455
1466328858
1466332709
1466245337
1466265971
1466072517
1466073427
1466073608
1465940589
1465896416
1465901113
1465901473
1465560006
1465813589
1465814600
1465891596
1465888992
1465890449
1465753615
1465826823
1465847055
1465827609
1465839332
1465840735
1465637690
1465638012
1465712194
1465661115
1465637622
1465638441
1465646070
1465549196
1465549619
1465549642
1465487728
1465488556
1465488848
1465395877
1465397633
1465488643
1465468596
1465476876
1465487193
1463738018
1465334454
1465334584
1465385743
1465386013
1465414628
1465317484
1465335362
1465397562
1465306986
1465321282
1465024630
1465051121
1465389534
1465293836
1465304336
1465308734
1464959405
1465040545
1465165974
1464958422
1464960527
1465133688
1464821977
1464826443
1465035342
1465061730
1465052827
1465053303
1461077380
1464968213
1465030958
1464967476
1464968090
1464968097
1464632040
1464952550
1464956378
1464947828
1464948025
1464948136
1464942708
1464943565
1464778378
1464704607
1464718411
1464688506
1464691893
1464691900
1464709797
1464695208
1464700280
1464706273
1464699362
1464608440
1464628189
1464681754
1464627447
1464627588
1464595401
1464601577
1464540909
1464546543
1464556998
1464545630
1464269337
1464280532
1464516777
1464514265
1464522820
1464445235
1464450313
1464347357
1464354613
1464359637
1464304011
1464304448
1464376054
1464362202
1464333730
1464336550
1464192488
1464205285
1464265919
1464101996
1464169411
1464170767
1464101379
1463995550
1464020730
1464020876
1464020629
1463934516
1463990638
1463992442
1463731020
1463739730
1463747533
1463735700
1463666258
1463649329
1463653716
1463654196
1463561749
1463561631
1463418021
1463394456
1463407974
1463059626
1462959334
1463392435
1463389110
1463070633
1463070897
1463070924
1463063063
1463047153
1462547966
1463044207
1462984278
1462985801
1462989263
1462875137
1462876261
1462885137
1462786724
1462785414
1462718419
1462717696
1462698724
1462698997
1462637660
1462100788
1462531782
1462379355
1462392542
1462392847
1462367636
1462380868
1462383791
1462365858
1462367155
1462312113
1462230423
1462213141
1462129957
1462140340
1462102733
1462100788
1462096679
1461937408
1462011517
1462010728
1461424411
1461934693
1461934756
1461855506
1461834705
1461834517
1461680640
1461735819
1461773102
1461315608
1461315677
1461694590
1461669581
1461608429
1461518960
1461424862
1461424492
1461424411
1461424589
1461335185
1461261141
1461259652
1461256404
1461182349
1461160635
1460620984
1460648051
1461073830
1460965579
1460977227
1460977284
1460972184
1460974716
1460921758
1460921852
1460921967
1460923218
1460923451
1460642155
1460643101
1460911607
1460484594
1460464677
1460104042
1460104824
1460104905
1460026729
1460045231
1459956122
1459864524
1459758154
1459766612
1459606177
1459606212
1459330027
1459331542
1459534513
1459450165
1459450194
1458428207
1458546018
1459317280
1454554171
1454597353
1454700702
1458666526
1459249478
1459261080
1459189535
1459190589
1459183360
1458768349
1458769704
1458770015
1458675770
1458654115
1458670466
1458670911
1458659907
1458660810
1458660930
1458632448
1458414976
1458468686
1458603203
1458630818
1458574503
1458575416
1458399367
1458194657
1458195583
1458204332
1458150791
1458150856
1458150923
1458137350
1458137688
1458117831
1457431428
1457627714
1456161169
1457604862
1457607536
1457547853
1457555029
1457555206
1457364207
1457381215
1457383088
1457383373
1457301085
1457301696
1457302712
1457280221
1457117694
1456434723
1456434773
1457044812
1457019150
1457029780
1457029821
1456939804
1456940304
1456843431
1456853507
1456868741
1456223315
1456225649
1456860202
1456396264
1456397342
1456397611
1456784040
1456807128
1456763790
1456778428
1456778449
1456762976
1456742422
1456744293
1456744935
1456392377
1456606359
1456687979
1455903904
1455910432
1455955783
1456390394
1456406980
1456407008
1456398421
1456236949
1456318462
1456321287
1456177256
1456177276
1456180440
1456189496
1456152038
1456137086
1456078854
1456078893
1456078918
1455891035
1455891304
1455891649
1455525728
1455645046
1455824963
1455785383
1455790364
1455811262
1455784818
1455735900
1455736157
1455784698
1455735728
1455740336
1455745723
1455627917
1455616325
1455570967
1455572433
1455572543
1455552815
1455558386
1455555930
1455550704
1455551582
1455539043
1455540067
1455540107
1455518233
1455550239
1455276545
1455385069
1455202564
1455203425
1455300066
1455031574
1455180048
1455191587
1455178802
1455118134
1455124308
1454874811
1454935424
1454957444
1453544117
1453907602
1454572854
1454583059
1454865749
1454865776
1454852928
1454768334
1454788879
1454839458
1454775947
1454776804
1454676713
1454751186
1454751457
1454607522
1454610519
1454610578
1454581923
1454585553
1454585638
1454518444
1454518610
1454534026
1454516143
1454516228
1454516231
1454502949
1454505448
1454490615
1454491956
1454492000
1454090825
1454336569
1454340406
1454336525
1454314163
1454315765
1454316310
1454246508
1454053374
1454061732
1454065364
1453971010
1453979044
1453980606
1453399370
1453907700
1453937002
1453912186
1453915568
1453910123
1453907337
1453908341
1453205972
1453396174
1453400019
1453715492
1453720248
1453729862
1453595496
1453631026
1453631062
1453398079
1453398252
1453398872
1453366389
1453399707
1453399893
1453367018
1450455745
1450481154
1453289451
1453283714
1453308165
1453287061
1453286948
1453291194
1453223978
1453275218
1453286374
1453284621
1453221232
1453282763
1452779737
1452782075
1452782409
1453106796
1453112730
1453236896
1453212056
1453219895
1453220012
1453219156
1453136615
1453115705
1453127005
1453132264
1452955821
1453045045
1453125117
1453125550
1453125791
1453125825
1453024484
1453026092
1452535582
1452535661
1452621119
1452778221
1452780823
1452781229
1452425311
1452729860
1452764174
1452680025
1452680801
1452696113
1452677569
1452679191
1452679385
1452533025
1452533444
1452507695
1452526312
1452526706
1452508990
1452524297
1452525327
1452507089
1452187921
1452462516
1452463723
1452436556
1452173685
1452174914
1452175201
1452178600
1452183304
1452269744
1450270556
1450286343
1450296049
1452260143
1451844978
1452197063
1452253037
1452177308
1452025084
1452064376
1452003707
1452005680
1452013518
1452001977
1452002130
1452003085
1451999008
1452000784
1452000879
1451987371
1451987449
1451834872
1451833250
1451833452
1451833460
1451746291
1451747178
1451748192
1451416763
1451501639
1451415138
1451416095
1451430107
1450607364
1450611306
1451395242
1451311162
1451126122
1451135374
1451250864
1450811495
1450873593
1450873584
1450483331
1450483452
1450483330
1450483391
1450438622
1450443004
1450449815
1450342333
1450344016
1450344048
1450370156
1450378764
1450396844
1450380566
1450383480
1450384842
1450366734
1450375717
1450352103
1450353174
1450357521
1450270556
1450271310
1450279264
1450283648
1450296753
1450296944
1450279149
1450309332
1450279070
1450280897
1450303759
1450292199
1450292532
1450300176
1450213102
1449935780
1450213819
1450215804
1450270555
1450271366
1450271416
1450169477
1450171983
1450109975
1450117741
1450117793
1450005842
1450019088
1450085302
1449911639
1449918300
1450034547
1450018637
1449925870
1449929846
1449931102
1449843901
1449857642
1449918314
1449839977
1449861268
1449918305
1449755573
1449778940
1449778964
1449772854
1449772988
1449773346
1449594208
1449615462
1449769089
1449732794
1449746394
1449746605
1449659283
1449666434
1449512147
1449518853
1449528497
1449395217
1449395551
1449138618
1449145923
1449166444
1449154232
1449154439
1449154671
1449053141
1449053593
1449069406
1449051640
1449051748
1448982447
1448982487
1448957464
1448897542
1448819116
1448645425
1448647305
1448668677
1448621355
1448624148
1448626725
1448275237
1448365158
1448374139
1448481564
1448534791
1448522348
1447681250
1447706519
1448413495
1448361811
1448387253
1448390019
1448296381
1448308784
1448308814
1447934035
1447947016
1447958812
1448012824
1448016169
1447931404
1447931851
1447936952
1447888118
1447768857
1447769875
1447769892
1447680997
1447707203
1447707262
1447612711
1447694488
1447688912
1447700092
1447173370
1447409426
1447409462
1447323642
1447330135
1447330140
1447329488
1447254675
1447196239
1447160495
1447175003
1447175009
1447014178
1447074869
1447075270
1447156857
1447157002
1447157489
1447156845
1447084782
1447027657
1446830816
1446918894
1446920740
1446834067
1446834170
1446799866
1446800461
1446801084
1446759382
1446761874
1446761983
1446750476
1446756232
1446721183
1446735691
1446745262
1446745797
1446748152
1446748398
1446746544
1446746750
1446746775
1446582677
1446718771
1446719729
1445186880
1445187386
1445187637
1446642349
1446642605
1446627305
1446627362
1446629111
1446567844
1446624340
1446624590
1446590438
1446584706
1446298444
1446568472
1446547032
1446548234
1446555595
1445674943
1445685349
1446549710
1446417785
1446287720
1446321747
1446321766
1445085779
1445100677
1446314910
1446278042
1446290455
1446287719
1446119940
1446285169
1446285354
1446217429
1446218213
1446218793
1446217814
1446065533
1446194284
1446200870
1446163860
1445964442
1445967499
1446101900
1446075029
1446075691
1446104559
1446049131
1446060569
1446062663
1446049778
1446038513
1446038751
1446038969
1445969683
1445969762
1445941942
1445942658
1445848204
1445853695
1445858169
1445781268
1445782817
1445791612
1445808834
1445809792
1445810188
1445796977
1445869096
1445780591
1445685400
1445688088
1445700913
1445608685
1445609432
1445611222
1445562702
1445197007
1445200235
1445526385
1445521498
1445523505
1445523533
1445437984
1445472788
1445513040
1445509388
1445471056
1445491724
1445505090
1445503915
1445423103
1445418671
1445421460
1445257557
1445328955
1445342137
1445349821
1445274668
1445264316
1445200480
1445201343
1445202804
1445183201
1445183725
1445189813
1445161888
1445022567
1445023008
1445086902
1445037843
1445084237
1445084262
1445070810
1445015481
1445022556
1445004954
1445005291
1445005181
1445005180
1444819940
1444845528
1444845537
1444829255
1444831866
1444832143
1444675769
1444681876
1444685671
1444750697
1444677959
1444662947
1444663128
1444636306
1444643207
1444655908
1444206434
1444554952
1444640126
1444558517
1444559199
1444636174
1444585615
1444554691
1444234424
1444470989
1444547756
1444221370
1444221820
1444485623
1444325783
1444207085
1444207149
1444116802
1444151052
1444160863
1444146738
1444147142
1444131864
1444115176
1444110178
1444110291
1444087528
1444055968
1444057703
1444087243
1444057126
1444064779
1444067660
1444037346
1444061542
1444061607
1444058575
1443952728
1444047092
1444047155
1444028973
1444031455
1444034011
1443993190
1443993603
1443975481
1443978997
1443980612
1443863922
1443863913
1443791908
1443615568
1443785709
1443785813
1443704670
1443776938
1442915816
1443605664
1443721285
1443713698
1443634039
1443710054
1443710073
1443619661
1443622951
1443623140
1443642432
1443546650
1443604407
1443621861
1443619430
1443620682
1443620684
1443617690
1443620101
1443620166
1443616386
1443538343
1443558677
1443559469
1443542801
1443590944
1443592268
1443557012
1443557205
1443555337
1443556468
1443556622
1443550105
1443553862
1443556251
1443514258
1443545631
1443528490
1443532294
1443525347
1443530902
1443517249
1443438254
1443442612
1443449042
1443512075
1443513482
1443513591
1443425767
1443441918
1443447416
1443469883
1443471536
1443472379
1443448319
1443451562
1443466738
1443458305
1443460356
1443460431
1443453023
1443453556
1443457913
1443452932
1443430547
1443452666
1443452689
1443435960
1443446012
1443449134
1443431138
1443377794
1443380881
1443381557
1443256491
1443349774
1443372457
1443360363
1443362087
1443367119
1443278693
1443177263
1443201012
1443261913
1443107529
1443109032
1443110463
1442406999
1443176200
1443028432
1443101811
1443120384
1443096479
1443096862
1443101007
1443102804
1442950984
1443013947
1443015640
1442569823
1442571218
1443010949
1442958762
1442942925
1442915671
1442918895
1442932200
1442775844
1442749497
1442751502
1442766199
1442579752
1442575046
1442579375
1442407160
1442505306
1442569943
1442502659
1442518382
1442518508
1442493273
1442436527
1442479401
1442479443
1442419109
1442427141
1442427321
1442228233
1442300388
1442424950
1442406012
1442409821
1442341958
1442318455
1442247868
1442315684
1442315760
1442218150
1442226420
1442227099
1441630898
1442222630
1442222716
1442140404
1442134800
1442139946
1441979455
1441979660
1442090047
1442078617
1442063019
1442070086
1442070720
1442046356
1441996379
1440489804
1441726558
1441978645
1441978587
1441904320
1441977799
1441880790
1441890315
1441890412
1441878544
1441880102
1441880204
1441797992
1441815306
1441814800
1441726426
1441728610
1441729317
1441638041
1441713356
1440834656
1440847155
1441662956
1441652164
1441651732
1441651463
1441639534
1441640057
1441640194
1441486689
1441618056
1441627888
1441616056
1441624519
1441624572
1441572553
1441268452
1441284681
1441457379
1441137157
1441450045
1441451125
1441446103
1441367359
1441374652
1441379169
1441356964
1437381436
1441139106
1441115037
1441124704
1441136488
1441130154
1441011259
1441013737
1441013842
1440680181
1440688956
1440691005
1440608493
1440241870
1440250677
1440608076
1440487552
1440501973
1440502052
1440497866
1440437688
1440332017
1440334100
1440322483
1440326633
1440327168
1439821450
1440015218
1440016393
1435851187
1439934130
1439934484
1439115520
1374696986
1439119038
1439466376
1439314463
1439312888
1439312530
1439202186
1439247071
1439247192
1438434548
1438970282
1438970333
1438855626
1438696596
1438705105
1438705199
1438686903
1438687221
1438704162
1438614957
1438626040
1438628467
1438430613
1438433356
1436794672
1438370135
1438418514
1438358219
1438180509
1438264467
1438264488
1438189767
1438190461
1438196603
1437838154
1437743955
1437730082
1437730412
1437731530
1437471111
1437387065
1437395892
1437406186
1437307653
1437307787
1437299447
1437154665
1437155572
1437155703
1436729495
1437125271
1437128008
1437114332
1437119509
1437119568
1436610352
1436952228
1436952291
1436897485
1436903842
1436939905
1436869890
1436888904
1436886687
1436888499
1436888762
1436734295
1436888396
1436888742
1436609494
1436697288
1436697539
1436630140
1436368857
1436526464
1436604669
1436529125
1436550256
1436586159
1435664982
1436564351
1436510065
1436459534
1436466890
1436467024
1436461982
1436359414
1436359647
1436359746
1436351451
1435962241
1436352138
1436341640
1436261429
1436261545
1436261576
1436211236
1436194671
1436195092
1436208338
1435955291
1436131196
1436131230
1436129799
1436124906
1436125816
1436125856
1435830718
1436106574
1436107085
1436001104
1436096178
1436096677
1435953152
1436095948
1436096141
1435995004
1435998551
1435955291
1435960697
1435960854
1435955290
1435765745
1435930276
1435930296
1435592668
1435926464
1435926603
1435848687
1435857190
1435858150
1435854470
1435830359
1435836657
1435837881
1435756322
1435825839
1435826369
1435751598
1434697582
1435247763
1435751121
1434012449
1435665184
1435665230
1435311141
1435497937
1435557410
1435497695
1435504697
1435508155
1435489630
1435252622
1435252989
1435311911
1435223019
1435048988
1435073479
1435143555
1435105792
1435132182
1435138029
1435065201
1435078124
1435078160
1434989274
1434998766
1434998801
1434962659
1434105382
1434795550
1434797557
1434797853
1434730319
1434702793
1434707466
1434707932
1434633477
1434647878
1434647922
1433351301
1434283307
1434647171
1434447096
1434457773
1434646537
1434623241
1434566376
1434533657
1434543553
1434546540
1434457755
1433837252
1434283159
1434283196
1433948598
1433936023
1433936597
1433854636
1433856001
1433856133
1433849873
1433841574
1433834487
1433788553
1433754741
1433787573
1433788067
1433702517
1433710086
1433358733
1433408147
1433690242
1433513556
1433541465
1433429240
1433530965
1433497391
1433505659
1433529837
1433418516
1433503851
1433503887
1433402192
1433402420
1433411457
1433405880
1433337635
1433398065
1433355764
1433358562
1433358578
1433349996
1433350177
1433350265
1433340389
1433318022
1433331579
1433332896
1433323067
1433324366
1433324607
1433232195
1433232343
1433242338
1433149738
1433224515
1433153145
1433153983
1433154331
1432937143
1432945545
1433148925
1432912841
1432929836
1432933909
1432283577
1432903448
1432924607
1432879751
1432883030
1432885792
1432806489
1432565142
1432560502
1432560748
1432562662
1432562505
1432474435
1432475221
1432475311
1432202287
1432474784
1432377297
1432381521
1432385175
1432383260
1432377902
1432380284
1432380323
1432200715
1432212376
1432212400
1432051989
1432053696
1432060617
1432051090
1432057394
1432057487
1432036756
1432051336
1432051434
1432051104
1431977587
1431978479
1431978502
1431949990
1431959560
1431968158
1431938701
1431940409
1431893295
1431870355
1431874154
1431888498
1431879295
1431870596
1431716844
1431723618
1431780498
1431078861
1431688292
1431708047
1431694844
1431697566
1431697675
1431679047
1431683709
1431684401
1431621029
1431626133
1431628714
1431363522
1431610975
1431614376
1431612212
1431446185
1431453362
1431597560
1431006863
1431593795
1431587736
1431538993
1431546643
1431546791
1431522390
1431539265
1431541508
1431540589
1431452744
1431444791
1431452132
1431452174
1431367871
1430909138
1430246160
1431357812
1431357834
1431334399
1431343248
1431343491
1431192129
1431292085
1431292233
1431276831
1431284906
1431251143
1431254700
1431254884
1431081375
1431101430
1431104885
1431017158
1431070226
1431070853
1430996834
1430997020
1430997061
1431007017
1430989065
1430994892
1430995028
1430938861
1430940836
1430942900
1430921006
1430899293
1430754186
1430763497
1430831100
1430764413
1430765316
1430724977
1430729918
1430561676
1430565386
1430381095
1430043922
1430242612
1430336574
1430336578
1430245706
1430245759
1430245793
1430206445
1430218786
1424784264
1424798949
1430211099
1430157690
1430161052
1430161445
1430064223
1430131172
1430131513
1429868239
1429868945
1429697387
1429697985
1429698072
1429615376
1429647844
1429647949
1429621671
1429607097
1429532639
1429605260
1429166778
1429297207
1429525106
1429544750
1429544986
1429432140
1429261199
1429104036
1429104441
1429135802
1429005778
1429014811
1429012285
1429016415
1429003065
1428942557
1428914348
1428865285
1428866605
1428866676
1428503143
1428653932
1428526653
1428492458
1428492834
1428494495
1428494644
1428489823
1428490838
1428490816
1427228116
1427811477
1427976931
1427828289
1427838282
1427840633
1427824857
1427825414
1427829655
1427786629
1427787521
1427794578
1427742506
1427729649
1427736755
1427737310
1427643055
1427709930
1427709968
1427660062
1427663991
1427664008
1427316670
1427294502
1427188810
1427135369
1427141454
1426942898
1426947265
1426947318
1426779629
1426780084
1426779570
1426779865
1426779900
1426707444
1426708312
1426708335
1426675452
1426633985
1426635382
1426597553
1426599991
1426601440
1426348963
1426329898
1426263279
1426264705
1426264981
1426241573
1426253335
1426253383
1426252869
1426245214
1426247770
1426252316
1426185947
1426190215
1426191144
1426087635
1426088781
1426088853
1425983728
1425989999
1425992527
1425928358
1425936961
1425938705
1425916109
1425727683
1425583886
1425629531
1425666694
1425651660
1425652459
1425653432
1425572587
1425557696
1425559248
1425563124
1425487437
1425504378
1425504430
1425465020
1425466572
1425467208
1425405202
1425405416
1425411988
1425389015
1425392909
1425400807
1425393680
1425394870
1425394113
1425293730
1425334818
1425379791
1425308262
1425308295
1425306853
1425126194
1425126478
1425126935
1425118102
1424879835
1424893380
1425053573
1424974908
1424976111
1424977425
1424972300
1424977309
1424950347
1424963688
1424963811
1424938393
1424875240
1424876070
1424878235
1424869735
1424872093
1424874874
1424874355
1424874529
1424874564
1424870416
1424870803
1424871020
1424807534
1424809141
1424809160
1424778179
1424779849
1424780900
1424710686
1424716176
1424716243
1424685787
1424686419
1424713994
1424710500
1424712101
1424712161
1424441821
1424532498
1424544056
1424444555
1424469308
1424469459
1424433384
1424437713
1424437793
1424431406
1424365146
1424384987
1424417739
1424362050
1424362468
1424368459
1424366232
1424106558
1424115697
1424338394
1424258952
1424262180
1424266042
1424212358
1424212509
1424204994
1424205439
1424205533
1424106467
1424106989
1424170651
1424163422
1424101990
1424106141
1424106277
1424096059
1424094733
1423931497
1423595434
1423913948
1423914006
1422387614
1423733002
1423735938
1423515317
1423731685
1423733800
1423678148
1423668727
1423670843
1423514868
1423517747
1423517803
1423434326
1423437310
1423437359
1422762693
1423415832
1423434394
1422880820
1422900476
1422906926
1422887418
1422895531
1422895563
1422284166
1422469798
1422866792
1422729705
1422730180
1422733319
1422523377
1422525509
1422525663
1422473740
1422474042
1422474923
1422400758
1422305170
1422315226
1422372122
1422356147
1422355848
1422039321
1422287098
1422294184
1422267999
1422269035
1422269152
1421937325
1421939145
1422017087
1421936567
1421937828
1421938636
1421923761
1421848094
1421866500
1421867014
1421667295
1421861793
1421861836
1421859520
1420721375
1420738265
1421768424
1421758742
1421759401
1421760544
1421751388
1421753052
1421753084
1421748959
1421749864
1421752129
1421512069
1421750201
1421750234
1421666668
1421687841
1421687953
1421606338
1421611028
1421611121
1421522113
1420999689
1421490951
1421491033
1421479836
1421481168
1421481232
1421423997
1421429340
1421430286
1421335327
1421257957
1421269311
1421254137
1421262897
1421262965
1421236861
1421259484
1421259639
1421257809
1421255605
1421226024
1421254597
1421254616
1421237775
1421238609
1421226566
1421238470
1421238567
1421230196
1421232622
1421230195
1421171877
1421181874
1421186740
1421173382
1421168597
1421171772
1421171888
1421146451
1421148807
1421148907
1421146565
1421143093
1421145636
1421145768
1421075017
1421078280
1421090472
1421070115
1421076857
1421076934
1420820954
1420876139
1420893921
1420641612
1420884186
1420884224
1420808931
1420835352
1420808028
1420804074
1420723417
1420800623
1420802082
1420196265
1420737653
1420738462
1420304768
1420731652
1420735533
1420721717
1420712096
1420714806
1420714816
1420643739
1420644185
1420714118
1420541506
1420639828
1420656505
1420641612
1420651986
1420652097
1420503351
1420508587
1420539662
1420471980
1420481554
1420468328
1420301593
1420304410
1420304706
1420291383
1420293618
1420293638
1420224042
1420291066
1420291167
1420212135
1420141173
1420141341
1420142181
1419931025
1419932382
1419957696
1419935174
1419931967
1419862940
1419876799
1419878873
1419247869
1419519618
1419519850
1419003609
1419010178
1419177915
1418906880
1418989517
1418994069
1418982395
1418982807
1418984196
1418924058
1418925111
1418841676
1418858419
1418813723
1418838385
1418838431
1418827248
1418828306
1418828324
1418825349
1418825472
1418825565
1418631427
1418633165
1418822542
1418804934
1418818552
1418818561
1418749518
1418749802
1418817959
1418813812
1418814054
1418814785
1418769454
1418769775
1418652035
1418663629
1418756971
1418735964
1418752460
1418752524
1418746846
1418747903
1418749069
1418744655
1418744760
1418745844
1418588012
1418674765
1418745612
1418676958
1418721919
1418722063
1418657142
1418672309
1418653451
1418658207
1418658556
1418635309
1418636476
1418636506
1418632911
1418634397
1418634500
1418634492
1418633413
1418633517
1418633558
1418576925
1418577479
1418577970
1418551677
1418572411
1418572665
1418383530
1418498420
1418500030
1418383530
1418487428
1418487805
1418462172
1418465731
1418465876
1418397190
1418402489
1418419170
1418383530
1418403067
1418403164
1418383530
1418400258
1418400578
1418383530
1418399893
1418400197
1418383530
1418398957
1418398971
1418392621
1418395735
1418395854
1418311238
1418376152
1418394746
1418315155
1418374935
1418297531
1418325180
1418325417
1418060558
1418312042
1418312382
1418050047
1418282142
1418304948
1418294575
1418296016
1418296384
1418203920
1418204514
1418207357
1418107636
1418110349
1418111055
1418049957
1418050331
1418062337
1417948557
1418035501
1418035584
1417966880
1417971098
1417971209
1417951262
1417958679
1417962349
1417956401
1417959457
1417960678
1417797749
1417868164
1417872779
1417618636
1417861770
1417862265
1417795134
1417857658
1417859051
1417774135
1417774630
1417774835
1417730293
1417720419
1417728252
1417728271
1417722007
1417634728
1417637173
1417679508
1417679052
1417625368
1417650683
1417614638
1417614717
1417615203
1417197907
1417598111
1417598142
1417558916
1417481648
1417550280
1417550324
1417545675
1417546504
1417548036
1417544873
1417546712
1417546755
1417513139
1417450617
1417462990
1417463048
1417448122
1417451006
1417459491
1417458654
1417459064
1417459091
1417452150
1417455747
1417455867
1417360731
1417370409
1417370966
1417281165
1417281490
1417289394
1417086197
1417278503
1417286278
1417190204
1417280604
1417280630
1417279612
1417279765
1417226378
1417252047
1417264261
1417260024
1417260434
1417260556
1417208024
1417209279
1417209388
1417186991
1417192176
1417188296
1417188986
1417189439
1417113615
1417180711
1417181870
1417080955
1417160815
1417180376
1417179577
1417180047
1417099668
1417108024
1417108374
1417096430
1417099214
1417099252
1417080819
1417085399
1417085462
1417081723
1416996835
1417018440
1417042678
1417033109
1416937566
1417017358
1416943871
1416949469
1416951318
1416937004
1416939025
1416939083
1416932938
1416933045
1416938161
1416926534
1416930602
1416937029
1416933056
1416933105
1416928418
1416928954
1416929145
1416928618
1416924542
1416921964
1416922109
1416853036
1416847442
1416848120
1416848145
1416840188
1416840513
1416848135
1416752568
1416837414
1416839512
1412586569
1416824465
1416646581
1416646959
1416650970
1416602035
1416564562
1416577131
1416577195
1416404883
1416569995
1416570026
1416564154
1416399770
1416402955
1416485460
1416406605
1416406687
1416406703
1416342940
1416380460
1416394995
1416387987
1416324431
1416380759
1416384105
1416349748
1416350422
1416350507
1416248008
1416335308
1416249640
1416316539
1416320230
1416304650
1416242683
1416256406
1416256814
1416255641
1416241770
1416241957
1416239968
1416139842
1416144105
1416144117
1416139692
1416081911
1416082339
1416082362
1416066980
1416068242
1416069156
1416040862
1416041196
1416041243
1415979293
1415985047
1415985094
1415978030
1415979242
1415979348
1415977358
1415956923
1415975296
1415975327
1415879207
1415889575
1415973344
1415883515
1415886511
1415887905
1415811105
1415808451
1415810483
1415808228
1415808311
1415808320
1415724068
1415805313
1415805479
1415796160
1415801091
1415801318
1415788504
1415780330
1415728099
1415746700
1415746752
1415738613
1415741913
1415741921
1415740443
1415740690
1415736461
1415736614
1415736658
1415695490
1415727154
1415727715
1415709015
1415709335
1415709373
1415702310
1415703356
1415703753
1415697144
1415697754
1415697798
1415637759
1415641067
1415697337
1415662483
1415662709
1415686036
1415637142
1415637356
1415637871
1415633093
1415633215
1415633225
1415391038
1415409359
1415620174
1415441524
1415462394
1415544697
1415441620
1415441875
1415441903
1415390308
1415390454
1415392275
1415370648
1415375363
1415379269
1415296060
1415299058
1415313542
1415295504
1415310225
1415310744
1415297491
1415300949
1415310346
1415306608
1415307396
1415305887
1415306041
1415297922
1415303562
1415304327
1415303372
1415298944
1415299022
1415299036
1415289357
1415297234
1415297485
1414134159
1415182997
1415295051
1415289953
1415290032
1415291479
1415288035
1415288163
1415281130
1415279498
1415273480
1415276150
1415200374
1415218272
1415275882
1415266418
1415266755
1415272760
1415207574
1415214179
1415218219
1415202695
1415203476
1415203628
1415183291
1415201646
1415201697
1415200695
1415200973
1415201670
1415194361
1415198247
1415198261
1415183013
1415197745
1415198190
1415187248
1415190563
1415193661
1415108429
1415182997
1415183017
1414924347
1415133558
1415133610
1415119288
1415123251
1415127569
1414836962
1415125836
1415125918
1415119588
1415120449
1415120745
1415119745
1415120133
1415120169
1415114289
1415116526
1415112666
1415114423
1415114663
1415112195
1415114652
1415110895
1415112146
1415112150
1415100077
1415102240
1415105307
1415036449
1415037546
1415052238
1415037442
1415041737
1415047833
1414933650
1415033394
1415033508
1414920693
1415026355
1415021679
1415022686
1415024030
1415000923
1414943179
1414933822
1414934028
1414606982
1414928019
1414929419
1414849224
1414879317
1414879513
1414858266
1414863808
1414863835
1414772204
1414855875
1414856102
1414850504
1414853572
1414853630
1414776602
1414780872
1414780905
1414774916
1414338636
1414768163
1414768194
1414758942
1414747841
1414747967
1414751605
1414747470
1414748483
1414751388
1414681871
1414748595
1414710827
1414700247
1414709215
1414709285
1414702585
1414703382
1414703483
1414685481
1414694185
1414670355
1414690621
1414691214
1414680073
1414687040
1414687710
1414609600
1414617819
1414685587
1414597652
1414613658
1414680213
1414678609
1414573182
1414660187
1414672728
1414650851
1414666929
1414670485
1414434411
1414578522
1414600534
1414596186
1414596811
1414598772
1414511063
1414519187
1414585061
1414460771
1414572069
1414580767
1414510394
1414513797
1414515193
1414510791
1414511981
1414512018
1414485250
1414506045
1414506286
1414430338
1414505814
1414505876
1414483009
1414406110
1414435470
1414481547
1414432773
1414443968
1414444039
1414416105
1414430405
1414430520
1414348700
1414351779
1414352235
1414336217
1414346311
1414347896
1414345936
1414346106
1414346694
1414171104
1414345306
1414345434
1414342213
1414342668
1414344147
1414333725
1414335232
1414343377
1414341497
1414342450
1414326164
1414318769
1414320695
1414320779
1414010291
1414165552
1414238391
1414228945
1414234444
1414234473
1414158126
1414227295
1414227403
1414219496
1414224595
1414225212
1414162972
1414163111
1414156571
1414157524
1414158125
1414147925
1414153802
1414156670
1414145859
1414146803
1414146894
1414095667
1414144946
1414144973
1414009981
1414100790
1414129845
1414071621
1414086264
1414091350
1414059979
1414060816
1414075020
1414059422
1414060825
1414066906
1413991462
1414007875
1414051792
1413988750
1414002091
1414038712
1414017273
1413995493
1414002235
1414009647
1414004743
1414005120
1414005146
1414002574
1414004711
1414004817
1413975829
1413977154
1414004071
1413123496
1413985717
1413988439
1413961212
1413984848
1413985480
1413982896
1413984290
1413984325
1413909344
1413910801
1413984296
1413918328
1413984201
1413984235
1413910185
1413950751
1413957306
1413912909
1413915386
1413919795
1413915976
1413917420
1413917464
1413913706
1413903769
1413906713
1413906833
1413901028
1413901121
1413901167
1413900150
1413900228
1413900462
1413716625
1413814327
1413898548
1413808807
1413835725
1413870609
1413742584
1413791780
1413792753
1413739475
1413750057
1413750115
1413718253
1413720156
1413720191
1413654209
1413654453
1413657106
1413578436
1413578612
1413578698
1413568761
1413541924
1413538991
1413539648
1413540714
1413540047
1413540162
1413540207
1413537501
1413537879
1413478219
1413478526
1413489041
1413390817
1413478189
1413465152
1413465425
1413465461
1413465248
1413465311
1413465337
1413398078
1413407423
1413407626
1413399146
1413404475
1413404491
1413401321
1413402014
1413402076
1413367139
1413371210
1413377970
1413370566
1413373012
1413373079
1413305488
1413307708
1413307857
1412783315
1413270390
1413306939
1413035520
1413302362
1413306217
1413297453
1413299054
1413302468
1413301612
1413284757
1413240620
1413264750
1413265329
1413235143
1413235395
1413235452
1413223347
1413224820
1413225098
1412954304
1413125838
1413221086
1413202390
1413217703
1413206986
1413207136
1413207144
1413178736
1413179785
1413179853
1413126188
1413130942
1413134485
1413127589
1413133144
1413133558
1413130651
1413132093
1413034131
1412863320
1412927369
1413029511
1412949811
1413029303
1413029408
1413025848
1413027442
1413028123
1413026415
1412955780
1412956330
1412956383
1412942670
1412947878
1412954643
1412936022
1412937585
1412942788
1412935579
1412940367
1412942749
1412934761
1412881386
1412883719
1412933761
1412861697
1412864421
1412880384
1412876002
1412876242
1412863726
1412864554
1412864708
1412862509
1412860243
1412862247
1412860749
1412861859
1412795143
1412796524
1412804685
1412763571
1412797273
1412800126
1412792266
1412793984
1412794819
1412633134
1412695848
1412776256
1412716748
1412716979
1412717027
1412694095
1412716748
1412717009
1412696351
1412714279
1412714381
1412698002
1412699947
1412699950
1412629535
1412633329
1412654530
1412612101
1412622557
1412624081
1412611736
1412612212
1412612219
1412260235
1412545365
1412545439
1412535988
1412542724
1412542956
1412504828
1412528135
1412530012
1412522158
1412524252
1412524287
1412515525
1412518528
1412518565
1412512680
1412516204
1412516601
1412505406
1412506784
1412506929
1412157401
1412158150
1412505403
1412502475
1412502806
1412502907
1412498473
1412499036
1412501656
1412438630
1412439050
1412439327
1412418473
1412418803
1412266569
1412372728
1412418598
1412370376
1412277424
1412355586
1412356018
1412323662
1412325625
1412326144
1412319627
1412321371
1412325910
1412187113
1412291047
1412321221
1412269624
1412269568
1412287629
1412288005
1412258187
1412277510
1412285052
1412278598
1412279487
1412279526
1412277061
1412277964
1412278340
1412071027
1412275906
1412277519
1412262895
1412263066
1412263161
1412247578
1412258627
1412258686
1412167918
1412172354
1412172439
1412161122
1412106226
1412145044
1412150983
1412080139
1412117283
1412143061
1412104422
1412105912
1412110643
1412090674
1412105212
1412105225
1412104667
1412104829
1412104857
1412104050
1412028861
1412098688
1412098787
1412070817
1412072462
1412079959
1412079812
1412080334
1412080445
1412071050
1412071289
1412070499
1412016420
1412019712
1412019826
1412008717
1412015269
1412016566
1411984014
1412012439
1412013658
1412008740
1412009585
1412009691
1412005553
1412007081
1412008943
1411996872
1411999621
1411998633
1411941272
1411972341
1411978670
1411930433
1411930781
1411933565
1411914945
1411923831
1411924212
1411919936
1411920297
1411920501
1411892496
1411892538
1411892553
1411769650
1411836187
1411842235
1411829642
1411829792
1411829992
1411827821
1411827890
1411814055
1411822520
1411827132
1411769040
1411810023
1411820526
1411812784
1411813041
1411813563
1411742535
1411813421
1411813562
1411674941
1411726608
1411754459
1411390252
1411409532
1411726502
1411722803
1411654736
1411654863
1411634194
1411643748
1411645577
1411604783
1411624251
1411643992
1411581483
1411638504
1411638617
1411630444
1411636330
1411637027
1411633927
1411507338
1411583783
1411583861
1411133595
1411571024
1411571286
1411565406
1411568613
1411569736
1411559287
1411561400
1411491272
1411494602
1411494629
1411485350
1411485722
1411485827
1411483962
1411485146
1411485319
1411484029
1411484751
1411481487
1411484551
1411476152
1411478624
1411483979
1411411760
1411417063
1411417070
1411404510
1411411700
1411404302
1411405730
1411411663
1411390485
1411390983
1411377760
1411133959
1411377254
1411377330
1411376857
1411377010
1411259273
1411260639
1411260701
1411159570
1411160245
1411160325
1411048407
1411130520
1411130923
1411126060
1411128949
1411129249
1411034785
1411040322
1411060023
1410810490
1410790271
1410805625
1410808798
1410806085
1409046305
1410739059
1410764193
1410710854
1410711361
1410711429
1408976906
1408977712
1408977449
1408976082
1408975793