1530829315
1530824505
1530822710
1530807684
1530778592
1530774054
1530650892
1530551970
1530527593
1530515005
1530439906
1530391459
1530293645
1530272527
1530264993
1524927209
1524927006
1526910708
1526913261
1530957716
1530799875
1530814177
1530868579
1530866326
1530822702
1530807695
1530808698
1530645900
1530799728
1530514986
1530520503
1530255228
1530259903
1530273168
1530264987
1530182241
1530206585
1530222079
1530163051
1530182140
1530193365
1529326777
1529327224
1530045466
1529946670
1529862957
1529847127
1529779246
1529688823
1528876677
1529342721
1529412516
1529685723
1529246939
1529258392
1528793710
1528793819
1528802944
1528047443
1528789447
1528634429
1528734318
1528734321
1528452479
1528365396
1528365460
1528214900
1528229290
1528365687
1528308339
1528315183
1528298056
1528035169
1527864977
1528109877
1528122605
1528018873
1528024759
1528202611
1528112553
1528098083
1527352127
1527355367
1527412200
1527497176
1527519540
1527521913
1527501661
1527140717
1524294948
1527140472
1527140530
1527083524
1527093989
1527071118
1527084980
1526304339
1526632276
1526631037
1525939411
1525857113
1525815858
1525795053
1525687086
1525689302
1525687372
1525685981
1525686980
1525685068
1525675146
1525676172
1525598771
1525599082
1525504641
1525437138
1525376062
1525270825
1525275617
1525275817
1525271682
1525259936
1525106743
1525085118
1524733909
1524734704
1524662665
1524594047
1524489295
1524489678
1524489761
1524391410
1524391659
1524391729
1524402331
1524234890
1524235063
1524239178
1524234811
1524049858
1523906444
1523866671
1523866803
1523875124
1523858635
1523780916
1523786134
1523705002
1523781925
1523695499
1523437517
1523437957
1523437972
1523364685
1523379933
1523383445
1523346042
1523352380
1523352997
1523350975
1523351063
1523267578
1523272988
1523272786
1522694607
1522694812
1522702456
1522936280
1522868304
1522757187
1522757678
1522513318
1522400863
1522398953
1522264990
1522173581
1522177349
1522145740
1522146081
1521991205
1521990900
1521734691
1521811209
1521843535
1521806137
1521811395
1521812103
1521201827
1521701351
1521657367
1521657807
1521497421
1521497568
1521112891
1521117340
1521121077
1521108594
1521025878
1521030849
1520962025
1520962099
1520847949
1520848743
1520839872
1520840050
1520840924
1520432751
1520439364
1520295408
1520296628
1520609052
1520526841
1520527000
1520527028
1519996644
1519995608
1519996434
1519834984
1519835360
1519832799
1519832131
1519814296
1519724627
1519742911
1519742942
1519744981
1519732325
1519374806
1519383409
1519218627
1519218899
1519218952
1519130627
1517573377
1518813071
1519057685
1519036112
1518779474
1518555014
1518566673
1518599555
1517746189
1517749398
1518537317
1517933172
1518520262
1518520422
1518449701
1518455534
1518476536
1518470716
1517927613
1518454213
1518460542
1518459445
1518426055
1518431475
1518431535
1517925759
1517556906
1517912489
1517912749
1517908924
1517223440
1517223503
1517224506
1517855239
1517855490
1517394336
1517407049
1517422715
1517605911
1516796584
1517224129
1517563135
1517484325
1517507928
1517510959
1517224010
1517224365
1517249404
1517304620
1517234643
1517235932
1517293741
1517163615
1517175806
1517175920
1517138067
1517138237
1516884684
1516460668
1516625684
1516113078
1516115190
1516570463
1516458199
1512646945
1512649521
1515003377
1515534119
1515535357
1515576709
1515692290
1515703925
1515773209
1515744905
1515748356
1515750027
1515738285
1515672400
1515617128
1515620379
1515620428
1515586153
1515423509
1515497170
1515348429
1515349927
1515362361
1515251653
1515256487
1515082824
1515083318
1514484181
1514484607
1514720862
1514547540
1514571598
1514370997
1514408134
1514189239
1513770027
1513770992
1513764966
1513769436
1513720536
1513720916
1513758429
1513701227
1513585362
1513526173
1513559222
1513551024
1511195653
1511203281
1513342098
1513007236
1513001598
1513003760
1512931624
1512935760
1512937565
1512734285
1512734613
1512752920
1512515157
1512496770
1512039336
1512040541
1512032210
1511859688
1511799361
1511792014
1511545258
1511547085
1511554239
1511520226
1511465246
1511465107
1511427127
1511108154
1511108320
1511091142
1510763953
1510570612
1510266512
1510234649
1510174809
1509979511
1509979941
1509878806
1509630371
1509630665
1509630736
1509358071
1509439304
1509443360
1509200411
1509110959
1509119506
1509109364
1509039280
1508959374
1508922002
1508923061
1508876087
1508863001
1508863561
1508774915
1508785579
1508785788
1508771274
1508518357
1508519474
1508519509
1508403054
1508522523
1508574674
1508574830
1508574914
1508521126
1508427513
1508309291
1508338474
1508322916
1508336793
1508342163
1508313727
1508286468
1508272650
1508221985
1508253308
1508257766
1508249022
1508242768
1508164055
1508168724
1508166142
1508163554
1508144069
1508144623
1508146054
1507124214
1507124823
1508143604
1508066095
1507926608
1507929536
1507714644
1507835144
1507835693
1507823006
1507815900
1507812588
1507813190
1507802947
1507718620
1507718656
1507745300
1507704177
1507642822
1507642168
1507393908
1507482971
1507567991
1507565170
1507540515
1507456334
1507210092
1507300832
1507301537
1507118260
1507281564
1507232675
1507127455
1507154232
1507199316
1506417676
1507127524
1507149589
1507051512
1507050277
1506960165
1506969284
1506970862
1506888289
1506882841
1506769388
1506773261
1506509282
1506507680
1506513170
1506498257
1506499624
1506454731
1506454715
1506454693
1506449289
1506449997
1506450014
1506416903
1506418123
1506441686
1506433315
1506352876
1506365568
1506355276
1506351278
1506351726
1506352081
1506088813
1506156661
1506162506
1505933541
1505836828
1505837471
1505832362
1505834112
1505834312
1505831258
1505756154
1505665561
1505461567
1505206547
1505220265
1505220857
1505215480
1505215597
1505216595
1504864581
1504968231
1504972598
1504864953
1504865451
1504770691
1503584551
1504196518
1504512416
1504177058
1504177492
1504192196
1468444922
1468483978
1502970202
1503494960
1503499391
1504018940
1503738432
1503568215
1502869435
1503497285
1503497317
1502464552
1502985665
1500460962
1500568487
1502647510
1502182229
1502184655
1502200477
1502647348
1502647622
1502375623
1502374445
1502093654
1501584039
1500980618
1500888679
1500889408
1500805435
1500634465
1500638303
1500638521
1500369676
1500474384
1500617976
1500477757
1500493727
1500574142
1500557859
1500471126
1500478889
1500487606
1498915906
1498951454
1500477316
1500366916
1500374546
1500122488
1500028167
1500028633
1500028819
1499950420
1499977319
1499983517
1499967799
1499940618
1499850535
1499854110
1499273050
1499779157
1499687796
1499548352
1499524165
1499543353
1499429155
1499431022
1499526413
1499524182
1499248183
1499265020
1499250745
1499251950
1499160846
1499077499
1499080173
1499082133
1498915428
1498983687
1498844496
1498637824
1498642593
1498642659
1498638786
1498441327
1498448427
1498206497
1498206837
1498208337
1497972613
1497770704
1495192382
1495224696
1497544458
1497554173
1497555668
1497348033
1497350921
1497551426
1497549620
1497544911
1497531045
1497513892
1497520392
1497520581
1496998601
1496838431
1496836801
1496672370
1496758104
1496828486
1496684187
1496687976
1496691916
1496592439
1496595825
1496327131
1496326451
1496317740
1485364638
1485364662
1496301654
1496170503
1496170716
1496245659
1496156649
1496156400
1496073882
1496073637
1495870172
1495870118
1495712758
1495712653
1495714742
1495711270
1495695029
1495699933
1495630941
1495652298
1495699830
1495561254
1495561650
1495562292
1495527934
1495530497
1495534828
1495438039
1495453786
1495453663
1495439442
1495450255
1495450780
1495386081
1495171720
1495179950
1494781774
1494782100
1494884789
1494925081
1495029215
1495009411
1495009600
1494958251
1494884794
1494840374
1494844149
1494845502
1493826208
1493395294
1493415514
1493640785
1493712959
1493457236
1493457941
1493376578
1490876425
1493188169
1493296119
1493271355
1493191400
1492861379
1468227730
1492499885
1492502542
1492321226
1492254386
1492248600
1492171842
1492185562
1492188537
1492010463
1492010743
1492012594
1491850666
1491053005
1491063443
1491120240
1490887691
1490110538
1490110664
1490714321
1490706119
1490539954
1490449922
1490451698
1490192584
1490195126
1489826992
1489833866
1489398740
1489399217
1489399421
1489315348
1488909853
1484337523
1488898555
1488829683
1487694136
1488382475
1488495890
1488452449
1488452318
1488368762
1488368307
1488358282
1488360741
1488289077
1488288999
1488108354
1488145261
1487950560
1487792200
1487803345
1487691986
1487776402
1487776662
1487758096
1487758356
1487758425
1487704959
1487710667
1487676061
1487678678
1487678928
1487679550
1487623008
1487623586
1487623643
1487440720
1487439765
1487351241
1487351776
1487353488
1487365426
1487349383
1487349531
1487238007
1487252048
1487289444
1487248821
1487248735
1487180140
1487180256
1487244884
1487167171
1487170195
1487170106
1487074672
1486938781
1486893796
1486487540
1486894329
1486819574
1486833329
1486829695
1486487540
1486828473
1486828786
1486745590
1486752373
1486113957
1486116569
1486649929
1486656398
1486658596
1486662744
1486663578
1486663792
1486658869
1486662311
1486390009
1486658803
1486455357
1486455411
1486371590
1486210334
1486056336
1485860079
1485792466
1485793998
1485796404
1485705456
1485708043
1485476313
1485520598
1485522186
1485334791
1485334995
1485335188
1485289389
1485277966
1485278271
1485247951
1485248867
1485263489
1485262499
1485262566
1485195177
1485167979
1484915256
1484916681
1484855383
1484833129
1484842452
1484824680
1484752978
1484673150
1484674313
1484490436
1484492512
1484494372
1483970101
1483807362
1483438622
1483440215
1483444402
1483439839
1483441141
1483185645
1482872729
1482873357
1482873483
1482684677
1482684718
1482758176
1482672215
1482675604
1482677741
1482235122
1482235241
1482248843
1482226927
1481810573
1482164575
1482169501
1480960577
1480961049
1482144347
1481985583
1482053372
1481812494
1481821935
1481821987
1481707912
1481216288
1481106417
1481106472
1481111351
1481111345
1481099561
1481106535
1481021382
1481042298
1481062279
1481011726
1474888187
1474978209
1474978515
1453487901
1453489483
1453505353
1480933955
1480939302
1480865557
1480408663
1480494399
1480496779
1480581391
1480584189
1480584582
1480580973
1480580960
1480419787
1480426367
1480542921
1480432786
1480433138
1480433155
1478792260
1479297194
1480315312
1480326389
1480410859
1479812358
1480336817
1480336725
1479894940
1479894697
1479658517
1479677866
1479678149
1479597240
1479595252
1479574674
1479477820
1479476706
1479120939
1479121216
1479321881
1479321651
1479242450
1479284938
1479285274
1479310842
1479310943
1479296670
1479034093
1478701165
1478708535
1478708871
1477491055
1478594621
1478597566
1478450493
1478166009
1478177447
1478079405
1478079922
1478080101
1478079396
1478078501
1478015275
1477924062
1477659470
1477560278
1477501977
1477502766
1477429838
1477388994
1477386273
1477143504
1476959937
1476954216
1476808291
1476702105
1476702054
1476610281
1476613246
1476695954
1476615562
1476611386
1476572774
1476543017
1476464145
1476442626
1476375986
1476375936
1476349162
1476351235
1476260711
1476284340
1476256780
1476113857
1476222350
1476138549
1476139749
1476177271
1476169547
1476094218
1476093916
1475942981
1475965607
1475940851
1475677767
1475698883
1475699364
1475697692
1475697987
1475698440
1475676264
1475689514
1475685563
1475669817
1475674199
1475577838
1475584416
1475577648
1475577880
1475511879
1475227992
1475339931
1475247502
1475255615
1475262578
1475259522
1475238362
1475239691
1475239999
1474990982
1475002897
1475168739
1475171119
1475137342
1475137984
1475051671
1475057964
1475056762
1475052734
1474964699
1474967446
1474902663
1474883763
1474884347
1474889988
1474887695
1474887917
1474888367
1474881853
1474886238
1474881914
1474881981
1474882077
1474362976
1474832379
1474832473
1474784862
1474787333
1474821956
1474822284
1474813943
1474815447
1474816498
1474636646
1474637808
1474637998
1474565788
1474565920
1474540336
1474477895
1474482450
1474482510
1474301366
1474450490
1474450582
1474298351
1474316881
1474388604
1474374162
1474014807
1474038143
1474038197
1473411954
1473412089
1474013596
1473929959
1473842463
1473755304
1473602602
1473602185
1473089675
1473089759
1473070896
1473072227
1473072468
1473090383
1473091630
1473092983
1473069116
1472934726
1469192635
1469463505
1472314902
1472554130
1472549497
1472549760
1472488175
1472492645
1472540506
1472311113
1472509332
1472537866
1472454584
1472156834
1472161141
1472145103
1471882830
1471902169
1471957615
1471966583
1471966685
1471949556
1471797501
1471784777
1471791171
1471791268
1471096069
1470253284
1470253953
1470261654
1470222047
1469715283
1469715965
1469716349
1469695393
1469452819
1469453897
1469454141
1469443655
1469443820
1469447981
1469111097
1468574892
1468922779
1468697435
1468698018
1468848621
1468825073
1468825886
1468830644
1468824727
1468755544
1468399648
1468223074
1468223275
1468179348
1468183461
1468177903
1468178686
1468162780
1468168963
1468169082
1468146551
1468148321
1468024717
1468026447
1468049606
1467926747
1467975341
1467976634
1467885892
1467890218
1467890271
1467818398
1467833713
1467847200
1467751061
1467584393
1467636945
1467736779
1467294810
1467301294
1467723532
1467623908
1467633291
1467645517
1466832230
1466867398
1466876016
1466425431
1466843992
1466840918
1466781448
1466784538
1466784559
1466776418
1466525982
1466457910
1466493403
1466352545
1466353280
1466170607
1466163766
1466085642
1465987296
1465990491
1465990581
1465893405
1465933683
1465941120
1465829321
1465860577
1465884573
1465861231
1465888646
1465894759
1465891701
1465643642
1465645359
1465645385
1465583482
1465479549
1465479645
1465479687
1465414336
1465222788
1465223174
1465043552
1465049361
1465179700
1464968941
1465038324
1465040626
1464942791
1464943633
1464775400
1464776380
1464704532
1464387758
1464388338
1464388583
1464181944
1464375161
1463633491
1463666891
1463739151
1463735881
1463649262
1463659787
1463659850
1463654222
1463649621
1463512012
1463516691
1463639664
1463603486
1463478343
1463389759
1463332095
1462031484
1454420960
1463063145
1463059678
1462959334
1462866671
1462778267
1462718720
1462717696
1462387376
1462312142
1462214273
1462209227
1462210275
1462103198
1462100788
1462096960
1462010949
1461424411
1462013052
1461938555
1461935661
1461834800
1461834517
1461680702
1461735773
1461773257
1461694513
1461669581
1461625789
1461067201
1461621657
1461519165
1461425418
1461424411
1461424922
1461335215
1461261908
1461259652
1461237053
1461238045
1461239897
1461160682
1461141833
1461159401
1461159602
1460972531
1460973782
1460821208
1460484626
1460464677
1460485915
1460292069
1460485681
1460142618
1460145993
1460146126
1460026798
1460019204
1459864511
1459770286
1459770399
1459771874
1459249882
1459252826
1459253078
1459183414
1459060258
1459014932
1459014901
1458820701
1458808659
1458809727
1458813122
1458675825
1457332311
1457347948
1458669119
1458580309
1458632546
1458414976
1458568339
1458399442
1458400369
1458117797
1457692848
1457701009
1457902156
1457702981
1457444186
1457256680
1457259829
1457260158
1457134579
1457197907
1456936372
1456756431
1456664049
1456514664
1456409593
1456409864
1456398484
1456074054
1456253068
1456253636
1456236968
1456222242
1456189518
1456152043
1456137170
1456085220
1456085726
1456086847
1456067529
1456079088
1456079481
1455989874
1455991789
1455656234
1455706991
1455230388
1455562974
1455699404
1455625087
1455637554
1455648217
1455630707
1455630758
1455627589
1454172598
1455559108
1455619845
1455616363
1455559269
1455571821
1453663048
1454493975
1455559165
1455356867
1455315710
1454502927
1454922248
1455232393
1455042590
1454862996
1454666976
1454667296
1454600956
1453993344
1454527942
1454528581
1454366578
1454314791
1454342089
1454342109
1454246492
1454247882
1453972317
1453904408
1452597236
1453904375
1453724286
1453727329
1452797515
1453725349
1453659658
1453725187
1453576548
1453581161
1453600530
1453549755
1453553603
1453553755
1453477560
1453477912
1453476734
1453284641
1453221232
1453282731
1453152558
1452891546
1452925110
1452925207
1452807301
1452807883
1452780536
1452781063
1452450500
1452459892
1452460893
1452186685
1452423697
1452425544
1452171398
1452346263
1444126538
1452267809
1452004451
1452005108
1452005305
1451742959
1451644842
1450622815
1450807774
1451508912
1451378810
1451379277
1451348022
1451311206
1451063702
1450560056
1450458334
1450099774
1450356595
1450356902
1450283318
1450283595
1450284343
1450189653
1450278165
1450277002
1450187761
1450190019
1450170843
1450170981
1450171036
1450075363
1450079187
1450079664
1450008716
1450010397
1450010877
1449827140
1449771543
1449702988
1449650860
1449659178
1449674389
1449521454
1449524979
1449408850
1449272570
1449234475
1449235870
1449235913
1448992420
1449086028
1449088410
1448957519
1448897623
1448877717
1448889869
1448893008
1448819162
1448564459
1448539202
1448559185
1448534822
1448522348
1448474652
1448442423
1448449016
1448449560
1448384957
1448353934
1448353993
1448354393
1448354319
1448008093
1447885968
1447888407
1447888254
1447612750
1447694522
1447680762
1447251723
1447597969
1446399428
1447369637
1447341697
1447345477
1447261795
1447254704
1447196239
1446819000
1447053031
1447236182
1447071988
1447027698
1446806755
1446806773
1446808403
1446590523
1446584758
1446397164
1446163913
1446138177
1445363672
1445588069
1445594425
1446135602
1446049816
1445973017
1445704576
1445697530
1445562727
1445534684
1445503951
1445274710
1445257534
1445161921
1445022589
1445028595
1445028652
1444937795
1444752688
1444766114
1444835132
1444235265
1444670853
1444731112
1444635322
1444585612
1444554742
1444397618
1444463060
1444335230
1444204850
1444246483
1444248230
1444248509
1444248785
1444248904
1443251415
1444233313
1444248553
1444221395
1444221852
1444220307
1444206986
1444207342
1444215298
1444213758
1444114667
1444088028
1444040973
1444046166
1444073059
1444072369
1444040181
1444041004
1444051213
1444044942
1443954317
1443742387
1443948636
1443709861
1443716862
1443719336
1443717233
1443691846
1443619793
1443627348
1443625379
1443625472
1443381681
1443382163
1443382373
1443596446
1443600209
1443601424
1443562666
1443561952
1443560148
1443540073
1443527375
1443517416
1443454938
1443455713
1443453674
1443450447
1443448319
1443200443
1443296312
1443307350
1442580399
1443300052
1443300093
1442142753
1443270579
1443270612
1443222616
1443247995
1443250220
1443014087
1443183436
1443186326
1442403682
1443180663
1443180871
1443169793
1443170288
1443009032
1443109340
1443109437
1443019435
1443019505
1443019927
1443018860
1443018832
1443016821
1443012284
1443011071
1443011382
1442494523
1442950753
1442951103
1442943104
1442922718
1442852928
1442824325
1442837466
1442832328
1442573255
1442579346
1442434949
1442503306
1442503320
1442481941
1442503259
1442494310
1442432510
1442433454
1442435977
1442416177
1442337952
1442338909
1442402785
1442403134
1442403196
1441981313
1442394787
1442390276
1442392332
1442392708
1442161114
1442351215
1442392203
1442341921
1442323741
1442323926
1442324116
1441632809
1442157492
1442157592
1442157412
1442158407
1442158731
1442140072
1442140384
1442141131
1441880896
1441875115
1441828387
1438677109
1441808913
1441814237
1441808464
1441808764
1441812118
1441798964
1441712704
1441746217
1441746406
1441199110
1441695352
1441697244
1441662494
1441694517
1441694928
1441651796
1441651747
1441651515
1441572540
1441554449
1441451504
1441451760
1441450485
1441309361
1441315327
1441316234
1441294632
1441139595
1441096427
1441102199
1441102234
1440946303
1440976827
1441100249
1441035642
1441043367
1439938142
1440928769
1440951374
1440670123
1440670274
1440670338
1440511765
1440591215
1440592515
1440438115
1440434679
1440434488
1440095742
1440271773
1440421689
1440420163
1440055979
1439896630
1439216020
1439223846
1439225318
1439193650
1438937119
1438766387
1438595565
1438339042
1438385882
1438587077
1438002829
1438016286
1438329293
1438242334
1438249801
1438257122
1438242912
1438249223
1438257070
1438114889
1437760898
1437775774
1438029887
1437913801
1437915178
1437936376
1437600808
1437895260
1437745120
1437755446
1437762779
1437659008
1437663080
1437663157
1437147645
1437300868
1437405917
1437137539
1437402223
1437402354
1437401859
1437398907
1437399351
1437401009
1437327713
1437347758
1437348601
1437299948
1437301007
1437301025
1437299428
1437300231
1437300794
1437035715
1437044652
1437052168
1435842135
1435851025
1435858965
1436171093
1436706104
1436706130
1436644984
1436645455
1436630207
1436638259
1436560688
1436562137
1436614423
1436517068
1436517412
1436517469
1436441430
1436442065
1436443424
1436431565
1436172227
1436430478
1436430534
1436350155
1436364772
1436426090
1436377881
1436395996
1436396331
1436260805
1435742768
1435751708
1436258747
1436085435
1436106263
1436112700
1435993221
1435851163
1435847219
1435754409
1435739606
1435744747
1435751753
1435751642
1434808207
1435741620
1435741665
1435658666
1435673430
1435674152
1435489600
1435496944
1435341875
1435310326
1435229168
1435223073
1434988497
1434988855
1435009370
1434730357
1434712776
1434713202
1434713433
1434646457
1434648181
1434648212
1433428444
1433499548
1434526275
1434381961
1434384033
1434384143
1434281333
1434281806
1434381825
1434364000
1434364956
1434365078
1434317630
1434364269
1434364301
1434302351
1434120830
1434131590
1434131606
1434034972
1434036105
1434036210
1433954526
1433956680
1433956743
1433954318
1433842718
1433788629
1433693353
1433696978
1433697047
1433691890
1433670703
1433683652
1433498164
1433361406
1432653447
1433242709
1433242880
1432975527
1432980387
1432927685
1432485203
1432572342
1432572378
1432568680
1432571194
1432565161
1432308600
1432553244
1432551958
1432552060
1432215305
1432302944
1432138571
1432144762
1432166398
1432130224
1432126246
1432036217
1432037925
1432038199
1431963530
1431610727
1431691746
1431954375
1431936544
1431938492
1431938555
1431887589
1431891536
1431894751
1431609547
1431610775
1431610505
1431610764
1431520459
1431554271
1431583279
1431531798
1431532197
1431574531
1431540702
1429861168
1431528280
1431528646
1431355184
1431418619
1431418733
1431184425
1431196562
1431355341
1431084530
1431269246
1431270713
1431177997
1431195245
1431266215
1430765538
1431084701
1431090634
1431072478
1431078070
1431084674
1431031052
1431039475
1431066832
1430935017
1430489648
1430324676
1430327941
1430328906
1430307751
1430167889
1430222787
1430228034
1430130700
1430130782
1429884044
1429969430
1429978685
1429724055
1429727059
1428485473
1429692295
1429692352
1429607122
1429533410
1429559132
1429528609
1429432207
1429455670
1429523351
1429521148
1429521672
1429521705
1429125191
1429127242
1429127254
1429124469
1429012298
1429016427
1428998333
1428999295
1428932664
1428913032
1428922631
1427994949
1427473545
1427801442
1427801464
1427563250
1427654694
1427665548
1427534333
1427534725
1427534744
1427467149
1427310834
1427362857
1427364647
1427305498
1427305590
1427305593
1427297281
1427103886
1427020557
1427020601
1426876580
1426760319
1426765752
1426765759
1424106499
1424163298
1426765581
1426753755
1426755580
1426755728
1426598120
1426604555
1426604583
1426593365
1426595277
1426598385
1426433329
1426517433
1426519855
1426502679
1426329814
1426074556
1426284159
1426284163
1426253212
1426254274
1426254683
1425920095
1426025519
1426253221
1426252201
1426243873
1426250590
1426241539
1426242492
1426242869
1426150616
1426180210
1426180254
1426070368
1426162500
1426162508
1426154789
1426159790
1426091612
1426154433
1426158823
1425985709
1425987645
1425990165
1425985664
1425916799
1425916896
1425923131
1425916290
1425920454
1425920471
1425818163
1425818440
1425826777
1425485717
1425492902
1425570614
1425468319
1425556897
1425557084
1425490558
1425490846
1425490862
1425543577
1425549917
1425405236
1425407223
1425479638
1425408958
1425410618
1425410695
1424875304
1424885789
1425124384
1425032658
1425029840
1425029887
1425030271
1425026679
1424944971
1424949572
1424976649
1424974933
1424870401
1424880519
1424885203
1424866337
1424867095
1424867360
1424777942
1424779289
1424784708
1424771162
1424772968
1424710486
1424769712
1424766356
1424689929
1424694181
1424714358
1424711150
1424701178
1424710727
1424683368
1424685395
1424634930
1424635374
1424631291
1424632457
1424632804
1424083598
1424089697
1424301334
1424201671
1424276924
1424280894
1424182104
1424182965
1424183022
1424174796
1424175937
1424176420
1423661794
1423662233
1423662405
1424163362
1424163424
1424163453
1424096151
1424023418
1424023758
1424027628
1423757612
1423734518
1423733108
1423733687
1423733678
1423674150
1423672268
1423395687
1423667670
1423667782
1423648736
1423665170
1423595194
1423658514
1423658626
1423592408
1423599088
1423599241
1423474900
1423518225
1423597296
1423555863
1423594211
1423594672
1423569369
1423558822
1423569264
1423569270
1423563038
1423429671
1423432687
1423480174
1423427607
1423428090
1423428120
1423426533
1423427656
1423428051
1423407781
1423240632
1423302667
1423338327
1423315440
1423316062
1423317068
1423146836
1423311155
1423311610
1423247699
1423249479
1423249547
1423234506
1423248107
1423248145
1423233794
1423237114
1423237475
1423162359
1423164316
1423146155
1423148870
1423149020
1422813938
1422801445
1422801941
1422783708
1422701925
1422702212
1422703993
1422533057
1422527245
1422529174
1422529577
1421935414
1422107460
1422469417
1422350009
1422351141
1422458987
1422446708
1422454267
1422458930
1422356209
1422355848
1422357839
1422357978
1422348306
1422349371
1422349548
1422296644
1422296805
1422296928
1422182235
1422200561
1421960078
1422211479
1422213459
1422191277
1422193131
1422177309
1422180162
1422180417
1422093437
1422105512
1422106440
1422028704
1421932765
1421934545
1421934622
1421827537
1421932892
1421933245
1421859726
1421872956
1421876201
1421701420
1421701615
1421667397
1421670086
1421670200
1421666702
1421666845
1421573590
1421583876
1421591000
1421522064
1421320651
1421496249
1421423965
1421426803
1421430312
1421345547
1421345984
1421346189
1421333545
1421335137
1421336385
1421270176
1421271255
1421271307
1421219709
1421221275
1421156930
1421187387
1421187522
1421165633
1421072286
1421159149
1421159159
1421073959
1421136964
1421072232
1421072476
1421056413
1421057751
1421057860
1421054358
1420901845
1420905842
1420909480
1420824493
1420722960
1420712886
1420715105
1420718121
1420642883
1420649040
1420664475
1420294474
1420649550
1420650346
1420641558
1420648408
1420648418
1420534825
1420642513
1420512893
1420561597
1420534966
1420291952
1420484469
1420495505
1420483217
1420493204
1420495393
1420449814
1420452419
1420452467
1420398798
1420444756
1420449036
1420303600
1420305289
1420305379
1420277569
1420186083
1420214427
1420215700
1420192333
1420192979
1420192984
1420111929
1420112117
1420114673
1419272391
1419954188
1419963714
1419344913
1419585810
1419691348
1419516812
1419517214
1419519813
1419431370
1419346702
1419346903
1419347160
1419250276
1419332144
1419333693
1418829399
1418835469
1418844821
1418734118
1418735334
1418735491
1418711515
1418723044
1418730545
1418664158
1418664443
1418723159
1418664757
1418635922
1418636519
1418393743
1418397779
1418383180
1418386782
1418388174
1418310733
1418383097
1418255608
1418135881
1418136288
1418136321
1418121394
1418123558
1418124204
1418065433
1418076206
1418076233
1418066826
1418067732
1418067897
1418067766
1418055118
1418055198
1417787565
1417776483
1417785173
1417785460
1417730324
1417705566
1417449503
1417600953
1417545751
1417521544
1417521688
1417521758
1417430734
1417512151
1417452293
1417181753
1417205121
1417206447
1416913213
1416921461
1417182071
1417169026
1417091454
1417092373
1417093502
1416411579
1417015780
1417015930
1416929744
1416939725
1416939832
1416930814
1416927527
1416908387
1416923121
1416923147
1416918094
1416922266
1416910075
1416913233
1416914272
1416845689
1416860105
1416860169
1416853057
1416823979
1416827135
1416827864
1416653925
1416773533
1416782311
1416599651
1416681695
1416681728
1416566464
1416656035
1416656876
1416411959
1416412750
1416417255
1416304040
1416338513
1416408639
1416254825
1416255575
1416255608
1416250282
1416249997
1415956903
1415957546
1415958515
1415902691
1415907567
1415909500
1415741897
1415782913
1415783569
1415780360
1415699051
1415699120
1415700064
1415699161
1415699238
1415699290
1415636550
1415554619
1415629305
1415629489
1415626553
1415616852
1415618381
1415618408
1415535274
1415535756
1415535826
1415450268
1415531332
1415532033
1415522007
1415522072
1415436187
1415281036
1415214059
1415214139
1415214177
1414679345
1415185291
1415198952
1415179400
1415185576
1415186299
1415176373
1415177168
1415177309
1415120131
1415128437
1415129581
1415029423
1415029670
1415029731
1414846391
1415008868
1415008884
1414574829
1414837921
1414837988
1414494104
1414578233
1414578296
1413537891
1414523239
1414526695
1414512197
1414425196
1414314982
1414315546
1414315581
1414227893
1414228484
1414228588
1414182863
1414182979
1414183939
1414159850
1414160255
1414160330
1414156595
1414156710
1414156748
1414087231
1414093035
1414097331
1414006996
1414068007
1414068040
1414067655
1413966356
1414006131
1414007603
1414007505
1413988769
1413880014
1413880926
1413881150
1413547351
1413798020
1413832813
1413808375
1413723629
1413622635
1413623441
1413623619
1413569022
1413529958
1413543929
1413544039
1413470736
1413276669
1413277321
1413278854
1413274898
1413275543
1413278273
1413264279
1413269084
1413273842
1413139207
1413018638
1413021126
1413021139
1412836593
1412876359
1412891115
1412782300
1412769277
1412664414
1412593637
1412602800
1412664313
1412626851
1412598911
1412599060
1412581722
1412584859
1412585151
1412345232
1412581883
1412338836
1412339667
1412321336
1412325352
1412327281
1412261050
1412285611
1412285653
1412243388
1412250751
1412272802
1411985051
1412248878
1412252155
1412250621
1412251352
1412175108
1412175877
1412175914
1412166440
1412066039
1411988345
1411553906
1411581389
1411986665
1411749022
1411981131
1411981227
1411827184
1411934770
1411934576
1411934527
1411913699
1411753235
1411578888
1411724296
1411727520
1411711337
1411714727
1411714794
1411662980
1411664348
1411635455
1411637239
1411642553
1411632093
1411641423
1411641486
1411637655
1411639691
1411639928
1411591692
1411597118
1411622701
1411491278
1411495010
1411548808
1411415457
1411472014
1411496018
1411454106
1411472527
1411495604
1411489326
1411392426
1411375745
1411388348
1411390313
1411135285
1411136147
1411378746
1411337660
1411337800
1411338641
1411304559
1411316696
1411322303
1411216597
1411294033
1411297331
1411224642
1411224440
1411199710
1411201052
1411201165
1411200720
1411201039
1411201073
1411121473
1411152245
1411199793
1411140147
1411158316
1411164645
1411036735
1411039159
1411039181
1411044886
1411114978
1411120575
1411053241
1411044555
1407152728
1407258746
1410952227
1410875235
1410857089
1410338135
1410507036
1410731271
1410531995
1410690596
1410714108
1410509308
1410609768
1410609795
1410472722
1410508282
1410353402
1410363155
1410430177
1410168384
1410387840
1410387860
1410374492
1410178779
1410269420
1410269453
1410267583
1410113868
1410177374
1410177495
1410165776
1410168371
1410173076
1410166077
1410171690
1410171716
1410168246
1410168340
1410168348
1410013794
1410014155
1410014190
1409950092
1409950495
1409995573
1409942924
1409943612
1409943672
1409734984
1409760722
1409760879
1409385350
1409588941
1409589132
1409557178
1409557293
1409557772
1409498877
1409318373
1409319357
1409319447
1409317849
1409211214
1409218996
1409229882
1409091581
1409143416
1409143495
1409129370
1409123578
1389777638
1409092237
1409092248
1409064146
1409090421
1409091507
1409070611
1409056290
1409058134
1408728700
1409047403
1409048810
1408983249
1408976777
1408981736
1408901361
1408951858
1408952760
1408800085
1408784403
1408784352
1408731923
1408731770
1408468392
1408524401
1408728817
1408709328
1408717443
1408457881
1408710292
1408710972
1408613593
1408624168
1408625900
1408491491
1408624118
1408624257
1408618005
1408620307
1408612508
1408616966
1408535298
1408536019
1408536025
1408450788
1408370637
1408372218
1408377049
1408271163
1408272491
1408273580
1408218869
1407149228
1407314774
1408216987
1408180209
1408193921
1408213622
1408183930
1408028596
1407828416
1407833477
1407833490
1407766870
1407769761
1407777282
1407749042
1407314568
1407603237
1407605039
1407314739
1407327533
1407331516
1406274733
1407324455
1407324992
1407257665
1407314513
1407322929
1407232578
1407244976
1407256940
1407153062
1406705855
1406719131
1406719315
1406642032
1406643818
1406672251
1406636599
1406638157
1406639642
1406282217
1406289415
1406189569
1406220254
1406222207
1406207706
1406208950
1406209005
1406107634
1406109971
1406110029
1405413012
1406055804
1406056424
1405619965
1406022499
1406037382
1402912537
1403521401
1406026142
1405971013
1405980881
1406013365
1405590530
1405863962
1405866362
1405778705
1405765681
1405766535
1405692524
1405714062
1405758488
1405675125
1405679086
1405679154
1405585972
1405601913
1405677849
1405613905
1405589791
1405535093
1405535512
1405535581
1405429885
1405430819
1405432191
1405267317
1405359867
1405360007
1405253140
1405325816
1405328176
1405323982
1405279695
1405245574
1405263184
1405249169
1405170340
1405001303
1405119466
1405120369
1404930867
1405099574
1405099623
1405076116
1405076665
1405076831
1404975113
1405001506
1405001537
1404902166
1404979120
1404982893
1404925968
1404894604
1404902811
1404902892
1404899851
1404898239
1404322977
1404894975
1404896575
1404801255
1404825660
1404841587
1404802394
1404807086
1404803715
1404751422
1404752047
1404757575
1404721571
1404729762
1404730191
1404709397
1404671510
1404675138
1404679841
1404665649
1404669323
1404669776
1404546222
1404575030
1404632259
1404599815
1404572380
1404574529
1404574753
1404143411
1404549973
1404550378
1404480703
1404492627
1404492641
1404467220
1404476564
1404478107
1404418671
1404419547
1404419779
1404383385
1404401895
1404387246
1404390153
1404390189
1404162489
1404322884
1404390171
1404045471
1404119502
1404206470
1404125204
1404146967
1404162522
1404071483
1404071704
1404071759
1403971378
1403973494
1403975450
1403713256
1403729951
1403964151
1403945865
1403946802
1403776128
1403885815
1403887635
1403885777
1403766698
1403706613
1403721456
1403726313
1403685903
1403715149
1403724424
1403707557
1403722476
1403723009
1403594935
1403692276
1403707518
1403616782
1403622287
1403622349
1403260281
1403611696
1403613816
1403539414
1403547022
1403607351
1403525567
1403523160
1403460971
1403461074
1403461091
1403454589
1403455288
1403084165
1403114418
1403420477
1403183539
1403188755
1403288668
1403212898
1403259561
1403260759
1403224783
1403209392
1403211582
1403223821
1403195554
1403209953
1403217488
1402911880
1403213223
1403213367
1403087545
1403187797
1403187884
1403166502
1403109456
1403119526
1403120219
1403000440
1403033973
1403034004
1402930964
1402994801
1402996599
1402935859
1402994777
1402929575
1402930640
1402930653
1402910138
1402910465
1402910509
1402908538
1402908821
1402908872
1402846032
1402827126
1402831910
1402835506
1402046926
1402670669
1402767670
1402750632
1402762003
1402762108
1400862199
1402653984
1402654294
1402596240
1402597000
1402591606
1402592285
1402592308
1402587783
1402588051
1402589354
1402587453
1402587983
1402588410
1402581778
1402582577
1402582633
1402379716
1402389942
1402558343
1402391662
1402415481
1402481986
1402478689
1402479410
1402479607
1401815619
1402331121
1402331182
1402298165
1402298434
1402298510
1401814151
1402212350
1402249083
1402219258
1402222016
1402237235
1402220643
1402224074
1402234356
1402217654
1402157098
1402159572
1402161118
1402131065
1402140630
1402149738
1402051269
1402134716
1402134913
1402128135
1402071906
1402075323
1402075383
1402061186
1402062785
1402062871
1402056982
1402049976
1401989233
1401994146
1402043385
1401884585
1401888112
1401992416
1401991840
1401986546
1401988521
1401988709
1401953303
1401958916
1401959003
1401897212
1401897482
1401914076
1401887876
1401818401
1401821110
1401821115
1401788312
1401789593
1401812557
1401797280
1401807211
1401807234
1401795436
1401805068
1401805135
1401736286
1401736358
1401737068
1401634926
1401637614
1401690696
1401531757
1401651743
1401651913
1401556552
1401638723
1401638766
1401483635
1401484959
1401532393
1401377676
1401453515
1401479607
1401460179
1401355988
1401379469
1401379595
1401377487
1401378844
1401370909
1401372798
1401372840
1401356813
1401361994
1401362784
1401293526
1401288117
1401284846
1400853218
1400876911
1401208271
1401202160
1401198866
1401199352
1401199401
1401181949
1401180344
1401140409
1401135644
1401098482
1401104839
1401109860
1401090461
1400853474
1401016358
1401086799
1401047691
1401048025
1401045816
1401035260
1401007101
1401012686
1401012699
1400760474
1400852994
1400866250
1400764479
1400764567
1400764601
1400761871
1400753236
1400484285
1400675036
1400676867
1400674774
1400613981
1400614300
1400579380
1400581975
1400582528
1400579098
1400581274
1400507777
1400416130
1400421608
1400421635
1400420836
1400410116
1400419420
1400420118
1400231740
1400344228
1400349017
1400253589
1400259587
1400259612
1400251535
1400253713
1400254052
1400251302
1400220258
1400220687
1400166292
1400186077
1400186709
1400164555
1400165015
1400165713
1399894853
1400153919
1400146680
1400112189
1400061534
1400061602
1400061997
1400055808
1400058535
1399713365
1399981134
1399996584
1399991225
1399990417
1399738614
1399905739
1399905857
1399904384
1399904694
1399904736
1399895638
1399876736
1399809702
1399811968
1399655930
1399636392
1399567344
1399573083
1399573189
1399467976
1399463878
1399463813
1399458722
1399344551
1399451320
1399447395
1399382488
1399382321
1399344799
1399344551
1399300150
1399301250
1399303869
1399290452
1399280589
1399280643
1399281388
1399223896
1399222511
1399141731
1399106532
1399109219
1399109236
1399055401
1398768149
1399027817
1399028281
1398847963
1398781324
1398782826
1398781562
1398695890
1398778779
1398778836
1398761669
1398762009
1398762033
1398724482
1398705074
1398704778
1398680535
1398603503
1398603536
1398603639
1397624781
1398457061
1398592854
1398251264
1398255446
1398256615
1397979484
1397982987
1397987177
1397838097
1397748712
1397815946
1397816166
1397675625
1397673680
1397674554
1397674685
1397637109
1397642823
1397642854
1397577440
1397578807
1397581677
1397567447
1397542865
1397552592
1397552706
1397551689
1397551818
1397494614
1397478825
1397485929
1397311475
1397457614
1397455643
1397397557
1397399229
1397413578
1397205032
1397217237
1397218360
1397140685
1397142634
1397142768
1397118110
1397119144
1396993294
1397026746
1397026813
1396956786
1396957958
1396960085
1396946921
1396948869
1396949367
1396890909
1396890921
1396890950
1396867041
1396867195
1396867223
1396801587
1396802037
1396807999
1396619126
1396688046
1396801617
1396791861
1396601011
1394726569
1396554933
1396555198
1396440553
1396509061
1396517978
1396455852
1396456551
1396456605
1396455621
1396394155
1396394384
1396427398
1396381521
1396355326
1396300051
1396301529
1396302454
1396295360
1396301457
1396301863
1396272608
1396296571
1396301643
1395941343
1396274630
1396290938
1396001142
1396020105
1396092836
1395952063
1396005573
1396041047
1396014316
1395999141
1396008250
1396010165
1396007671
1395951902
1395951751
1395909764
1395922007
1395862112
1395867820
1395857867
1395859833
1395862086
1395859859
1395860096
1395860189
1395859739
1395859781
1395859882
1395827313
1395826019
1395828535
1395858578
1395843536
1395843388
1395843657
1395843672
1395838293
1395841649
1395841721
1395831691
1395780214
1395782441
1395674041
1395766525
1395777073
1395743400
1395776284
1395776324
1395763169
1395770181
1395771241
1395336368
1395737421
1395738079
1395666411
1395479126
1395498081
1395510385
1395306293
1395424914
1395427499
1395310555
1395401224
1395405792
1395391958
1395392150
1395399811
1392745806
1392748519
1395234578
1395126342
1395213134
1395214147
1394986703
1395131184
1395131416
1395087848
1395130032
1394748331
1394718655
1394722853
1394746192
1394709017
1394709102
1394720188
1394627355
1394647419
1394647450
1394453015
1394452839
1394455111
1394455218
1394440683
1394440938
1394441196
1394405828
1394407685
1394438254
1394289952
1394302492
1394206623
1394264373
1394264401
1394221419
1394029552
1394206581
1393267017
1394135580
1394135635
1394133701
1394134050
1394134107
1394130811
1394113285
1394113233
1394007515
1394007688
1394007754
1393923733
1393925911
1393926111
1393924332
1393925140
1393925909
1393855290
1393855523
1393855543
1393838951
1393842534
1393844553
1393834165
1393838860
1393838862
1393699883
1393836099
1393838812
1393838409
1393837482
1393653530
1393759881
1393764978
1393700247
1393576586
1393581789
1393596419
1393581159
1393527072
1393534257
1393534445
1393516781
1393517293
1393517797
1393489172
1393490015
1393423171
1393440979
1393456479
1393330875
1393427460
1393427802
1393349260
1393381372
1393409217
1393349068
1393351959
1393238647
1393240199
1393345591
1393332733
1393334422
1393336690
1393333674
1393334161
1393334176
1393327901
1393328062
1392817018
1393323563
1393323590
1393323067
1393323306
1393323317
1393279620
1393279811
1393279894
1393084282
1393168370
1393168453
1393001697
1393078636
1393083908
1392926209
1393074296
1393074487
1393055731
1393056727
1393070735
1393018379
1393055770
1393064558
1392999989
1393001503
1393001521
1392906440
1392947358
1392918234
1392922495
1392924938
1392920200
1392900114
1392901168
1392901221
1392815172
1392886068
1392896402
1392834969
1392855128
1392864614
1392825833
1392830898
1392831082
1392829825
1392830296
1392830935
1392814618
1392813361
1392749797
1392750498
1392757219
1392748739
1392752256
1392755500
1392747958
1392748712
1392750697
1392744462
1392747148
1392748025
1392748013
1392743288
1392746234
1392747663
1392737211
1392737647
1392738633
1392730339
1392732687
1392718201
1392727560
1392727563
1392305154
1392660195
1392726266
1392716495
1392666473
1392666624
1392666893
1392583213
1392630304
1392666263
1392663879
1392660076
1392652261
1392652466
1392652022
1392644630
1392626009
1392631916
1392633704
1392629031
1392623884
1392628075
1392574279
1392577153
1392582858
1392568142
1392576389
1392543166
1392561163
1392561487
1392481320
1392488540
1392491088
1392487168
1392487267
1392411448
1392377981
1392381456
1392384912
1392299028
1392303894
1392380182
1392279282
1392352992
1392359008
1392294351
1392296492
1392217881
1392220676
1392227559
1391516794
1391969466
1392209596
1392117945
1392122066
1392204051
1392038113
1392038729
1392132716
1391794222
1392039292
1392039322
1391936516
1391977213
1391983247
1391682732
1391967131
1391967404
1391677265
1391884322
1391954054
1391773997
1391784041
1391786007
1391768747
1391773441
1391773487
1391634365
1391761993
1391765463
1391694554
1391697152
1391699962
1391610675
1391609372
1391441987
1391516100
1391516386
1391369257
1391384774
1391426617
1389698546
1391340195
1391382202
1391362891
1391347250
1391348212
1391348236
1391263219
1391269106
1391246689
1391247468
1391247507
1391078560
1391211618
1391212409
1391099121
1391186892
1391187182
1391179652
1391180853
1391184139
1391107067
1391015403
1391078838
1391079693
1390948489
1390837736
1390904349
1390909029
1390905775
1390906737
1390906753
1390673213
1390735772
1390903753
1390824171
1390844436
1390844490
1390556060
1390558418
1390558525
1390484582
1390485149
1390486637
1390479450
1390479792
1390479938
1390476060
1390399464
1390400036
1390400055
1390224361
1390309965
1390319763
1390305774
1390312372
1390314098
1389956599
1390304799
1390306179
1390213364
1390217004
1390299023
1390227558
1389811009
1390215728
1390216192
1389956502
1389966367
1389996229
1389955876
1389898640
1389947715
1389947760
1389441258
1389885975
1389894351
1389788884
1389824724
1389824960
1389789119
1389795820
1389815143
1389774601
1389791014
1389791272
1389785460
1389785621
1389785757
1389776997
1389781811
1389785451
1389780798
1389780449
1389707752
1389733659
1389734189
1389729598
1389729744
1389696221
1389697950
1389699059
1389522862
1389688958
1389697275
1389688273
1389690506
1389692702
1389643205
1389602065
1389603566
1389604154
1389525974
1389526262
1389602421
1389528559
1389531388
1389547983
1389531794
1389544341
1389543268
1389543367
1389525090
1389457326
1389458047
1389467908
1389440845
1389450754
1389458275
1389454623
1389456843
1389276861
1389437858
1389439152
1389375882
1389376165
1389376185
1389351177
1387629770
1389342078
1389344089
1389286052
1389341772
1389342408
1389168318
1389270102
1389270247
1388257031
1389258683
1389269049
1389188861
1389132450
1389132548
1389099919
1389118586
1389125317
1389124145
1387462163
1389099521
1389102562
1388767830
1389102354
1389102373
1389044737
1389047028
1389047060
1389024084
1388867057
1388873704
1388784862
1388794706
1388834473
1388764865
1388765307
1388689706
1388765010
1388684705
1388587048
1388485306
1388494692
1388508234
1388316907
1388328574
1388147495
1388148158
1388148368
1388084828
1388142780
1388143088
1387552317
1388084582
1388139565
1388058964
1387972050
1387978831
1387997032
1387446667
1387448860
1387550161
1387216770
1387405628
1387435514
1387405337
1387407111
1387407535
1387388506
1387393836
1387394363
1387371017
1387385027
1512064132
1387274356
1387320896
1387369830
1387366191
1387291975
1387319647
1387356883
1387292395
1387299174
1387290114
1387291654
1387291771
1387226429
1387185324
1387209102
1387219154
1387131241
1387182940
1387216842
1387205543
1387189892
1387191905
1387195669
1387189769
1387186954
1387188748
1387188806
1387121117
1387115629
1386931709
1387037342
1387068044
1386957556
1386960062
1387017551
1386927216
1386936477
1386936724
1386935500
1386935562
1386936567
1386929759
1386930008
1386780658
1386918381
1386920200
1386890138
1386893919
1386871828
1386854895
1386856904
1386871736
1386870574
1386870729
1386870879
1386851097
1386854155
1386858353
1386836526
1386837980
1386838412
1386604340
1386607022
1386607044
1386169380
1386584605
1386584625
1386441280
1386442841
1386442936
1386436227
1386441896
1386442545
1386356034
1386356000
1386341713
1386323212
1385990703
1386012919
1385972489
1385973231
1385973472
1385714477
1385738395
1385972527
1385746151
1385888238
1385886921
1385832458
1385839231
1385810473
1385715357
1385736316
1385747174
1385558140
1385558726
1385735064
1385734972
1385638555
1385638742
1385639418
1385571856
1385566331
1385566997
1385570722
1385206718
1385207433
1385566320
1385455709
1385566163
1385136346
1385048169
1385049255
1385119374
1384878808
1385115076
1385116238
1385043458
1385044807
1385045295
1385032610
1384974056
1384943114
1384945421
1384952310
1384943389
1384938546
1384731114
1384797861
1384707498
1384735551
1384792784
1384784853
1384785043
1384785163
1384702993
1384702047
1384701974
1384517996
1384518963
1384698825
1384623462
1384623936
1384627999
1384602681
1384623899
1384625521
1384546442
1384622050
1384623856
1384618800
1384594829
1384595420
1384596011
1384519290
1384507037
1384509254
1384509283
1384447545
1384449157
1384449735
1384362108
1384431380
1384436773
1384432080
1383992019
1384431926
1384431970
1384429268
1384430028
1384430063
1384418914
1384415374
1384417465
1384352267
1384364452
1384377890
1384358939
1384359024
1384326143
1384346228
1384347030
1384293698
1384294971
1384295004
1384278729
1384280401
1384270195
1384270686
1384123701
1384159731
1384265867
1384265381
1384256169
1384257124
1384257370
1384185426
1384185770
1384185958
1383678891
1383824997
1384178719
1384172768
1384174991
1384016804
1384016889
1384017035
1383902076
1383906508
1383919024
1383895707
1383899844
1383822748
1383823981
1383894958
1383819484
1383814760
1383743462
1383751984
1383752912
1383677067
1383724144
1383729587
1383496487
1383675633
1383675733
1383645910
1383651607
1383652206
1383645883
1383645999
1383649900
1383588968
1383604431
1383634767
1383377857
1383390800
1383391311
1383385632
1383388635
1383388875
1383336031
1383224234
1383043246
1383210084
1383210123
1383039070
1383059787
1383061160
1382976914
1382977505
1382980347
1382957092
1382957351
1382957796
1382921906
1382701931
1382720357
1382721653
1382704401
1382706873
1382714545
1382699355
1382702076
1382702633
1382688459
1382677929
1382642325
1382649316
1382684694
1382653954
1382645116
1382608663
1382608994
1382608995
1382602344
1382608830
1382606295
1382607059
1382607087
1382566424
1382574042
1382605357
1382539455
1382561129
1382566603
1382562534
1382537693
1382531723
1382531797
1382531936
1382531574
1382531803
1382531819
1382520445
1382516510
1382517656
1382517750
1382372203
1382392523
1382469058
1382373357
1382200423
1382200255
1382122238
1382172323
1382117997
1382112933
1382046339
1382031427
1382030509
1382001160
1382001252
1382008597
1381923299
1381992393
1382006278
1381997371
1381997861
1381994256
1381950962
1381912584
1381912698
1381912720
1381853374
1381868275
1381871482
1381855461
1381857686
1381857969
1381833426
1381853994
1381854031
1381779807
1381781594
1381781752
1381756428
1381754161
1381748012
1381685487
1381511281
1381420161
1381482743
1381509155
1381430481
1381430801
1381432696
1381394905
1381400825
1381390003
1381392511
1381356977
1381355660
1381404494
1381324250
1381330812
1381340071
1381331281
1381331400
1381269172
1381310208
1381312000
1381303394
1381150289
1381151975
1381219365
1381170037
1381170534
1381183014
1380825721
1381170187
1381170357
1381157909
1381166404
1381166434
1380783605
1380794303
1380818054
1380715675
1380792466
1380795649
1380783027
1380745986
1380772928
1380780903
1380745202
1380747029
1380747052
1380669432
1380633321
1380611270
1380619878
1380620205
1380611931
1380612081
1380612272
1380532995
1380534595
1380299468
1380350366
1380350858
1380275907
1380276758
1380190142
1380219944
1380221379
1380147380
1380189829
1380219124
1379969541
1380111010
1380134351
1380129282
1380100580
1380105275
1380105394
1379924340
1379941303
1379961139
1379922720
1379924262
1379924795
1379842166
1379922294
1379922799
1379919817
1379919999
1379755530
1379755683
1379765268
1379708357
1379617417
1379681400
1379681452
1379619073
1379661376
1379661858
1379621267
1379615808
1379487432
1379499800
1379518721
1379448233
1379507059
1379513859
1379419832
1379454816
1379454954
1379454279
1379371309
1379448837
1379451857
1379343106
1379345306
1379346258
1379334322
1379338408
1379340240
1379254256
1379283012
1379319361
1379276906
1379276974
1379307439
1379259164
1379274849
1379275092
1379273969
1379260391
1379182792
1379153054
1379160419
1379161315
1378998168
1378999131
1379046503
1378992377
1378912791
1378965246
1378907198
1378898479
1378637162
1378730735
1378730795
1378717708
1378718249
1378720441
1378373092
1378704923
1378719144
1378212195
1378232566
1378459642
1378404176
1378404228
1378404276
1378377789
1378395324
1378395660
1378388108
1378395357
1378395429
1378385571
1378216767
1378250258
1378221073
1378221465
1378221753
1378116975
1378117563
1378117713
1377766573
1377772618
1377851039
1377532677
1377766002
1377802397
1377691210
1377695070
1377734204
1377702948
1377703935
1376984911
1376911227
1376911505
1376911543
1376849811
1376850092
1376850242
1376388134
1376728118
1376043273
1376045690
1375649894
1375718277
1375733429
1374582269
1374754508
1375691041
1375388352
1375430482
1374917108
1374651570
1374653084
1374653340
1374567755
1374567900
1374568894
1374522500
1374523055
1374568550
1373873380
1373876378
1374394003
1374303361
1374243976
1374246841
1374250367
1373965007
1374053470
1374136710
1373981923
1373989279
1374051534
1373877643
1373980484
1374038262
1373980225
1373877816
1373653451
1373659895
1373742432
1373720171
1373555500
1373530899
1373475231
1373477545
1373477607
1373468168
1373460917
1373461800
1373461879
1373370917
1373455543
1373460943
1373447163
1373450620
1373450643
1373446566
1373294147
1373296094
1373296086
1373194926
1373203072
1373272921
1373204572
1373205084
1373205110
1373184538
1373192502
1373192982
1372965144
1372956194
1372960269
1372961763
1372928015
1372942608
1372925449
1372938921
1372942901
1372927847
1372769495
1372796105
1372796141
1372795826
1372408938
1372711280
1372713425
1372708783
1372708866
1372705533
1372410824
1372494593
1372510682
1372325551
1372445438
1372446150
1372316545
1372317745
1372331128
1372277056
1372277633
1372318016
1372274164
1372284833
1372284858
1372257100
1372257175
1372269652
1372257373
1372260725
1372261704
1372231328
1372248550
1372236399
1372239999
1372242488
1372231217
1372240411
1372242129
1372231804
1372231845
1372184942
1372189591
1372189621
1372173271
1372185993
1372186182
1372152021
1372182937
1372183324
1372181260
1372181300
1372174233
1372174353
1372152226
1372153007
1372152098
1372139831
1372145337
1372147344
1372144942
1372145370
1372145548
1372134692
1372135742
1372136084
1372106665
1372111246
1372134098
1372100668
1372100744
1372100771
1372065602
1372097305
1372097313
1372081372
1372087212
1372093337
1372086516
1372086705
1372086729
1372086401
1372086456
1371932119
1371991130
1372080113
1371996259
1372013383
1372014666
1371996303
1371998730
1372005388
1371985911
1371999139
1371999419
1371716840
1371981101
1371981179
1371829714
1371837476
1371900643
1371886843
1371890911
1371891221
1371801957
1371807859
1371808529
1371622598
1371772811
1371803225
1371762385
1371763156
1371764762
1371761644
1371761323
1371749648
1371749762
1371749919
1371722968
1371733358
1371671106
1371674653
1371733166
1371643683
1371653634
1371663794
1371578719
1371579246
1371582054
1371577823
1371578327
1371578373
1371460520
1371541900
1371557290
1371484397
1371451595
1371475405
1371480562
1371416043
1371453449
1371453944
1370523344
1371416840
1371416904
1371383707
1371385239
1371385252
1371291779
1371320322
1371377597
1371235210
1371319606
1371319818
1371294687
1371302380
1371320233
1371315368
1371284484
1371288452
1371289643
1371288623
1371288636
1371288696
1371221088
1371254596
1371287545
1371139406
1371145274
1371150441
1371129745
1371130111
1371130872
1371111792
1370960876
1371054862
1371070836
1371028524
1371036984
1371037741
1370972505
1370973667
1370974219
1370959444
1370960764
1370960793
1370866632
1370936029
1370936315
1370807748
1370811230
1370815455
1370803736
1370547402
1370597698
1370803706
1370791249
1370794107
1370794220
1370363728
1370368262
1370776074
1370252141
1370704817
1370705173
1370633695
1370600827
1370603368
1370632962
1370601702
1370601791
1370601795
1370596810
1370598812
1370598855
1370595519
1370595583
1370532593
1370546936
1370547616
1370524892
1370531450
1370536145
1370428333
1370457337
1370532469
1370366961
1370506068
1370523568
1370471744
1370476606
1370496908
1370476072
1370477348
1370496400
1370456745
1370458258
1370458318
1370347544
1370456489
1370456641
1370363294
1370372760
1370456328
1370426114
1370433440
1370456045
1370438128
1370438363
1370438405
1370436836
1370437474
1370422139
1370373686
1370412816
1370414366
1370368076
1370380227
1370381488
1370367937
1370283526
1370365399
1370365411
1370345610
1370364057
1370365210
1370346831
1370361528
1370361568
1370335841
1370342438
1370342497
1370340086
1370340580
1370339153
1370333867
1370334284
1370334397
1370333917
1370259827
1370274520
1370261766
1370283495
1370288313
1370286109
1370286881
1370287009
1370285171
1370285879
1370285914
1370260081
1370259647
1370245733
1370252166
1370258666
1370254676
1370255926
1370255978
1370190487
1370192367
1370240693
1370180464
1370191617
1370206803
1370094714
1370105978
1370129490
1370100555
1370109834
1370114077
1370080713
1370102206
1370085070
1370085432
1370086598
1370080760
1370081503
1370083072
1370026992
1370079585
1370080920
1369992016
1370073957
1370077210
1370076122
1370018829
1370018791
1370007606
1370010179
1370010317
1369929187
1369939190
1369993654
1369938774
1369939656
1369959860
1369832738
1369938160
1369939185
1369936830
1369937713
1369938088
1369796512
1369796481
1369852896
1369936713
1369922572
1369919322
1369919681
1369846177
1369912415
1369919133
1369911146
1369911555
1369912070
1369908954
1369909326
1369832673
1369834112
1369834253
1369695678
1369792841
1369793561
1369772856
1369780834
1369780872
1369757993
1369775927
1369776051
1369669230
1369760228
1369775643
1369749325
1369757300
1369757343
1369743216
1369743350
1369743409
1369741920
1369646565
1369677094
1369726302
1369665203
1369683131
1369691067
1369674087
1369674829
1369674909
1369672245
1369672361
1369672394
1369662301
1369662733
1369663181
1369648229
1369658154
1369660144
1369649110
1369657914
1369658073
1369648563
1369650776
1369657745
1369650241
1369646905
1369647207
1369645606
1369595868
1369598790
1369598875
1369587878
1369573668
1369574470
1369497558
1369508081
1369510702
1369497872
1369426154
1369482295
1369486611
1369485958
1358544538
1369392928
1369437020
1369437048
1369412461
1369420514
1369421901
1369387703
1369417085
1369420641
1369385613
1369388597
1369389676
1369296998
1369312146
1369322198
1369303160
1369307670
1369308034
1369305032
1369305437
1369238232
1369238603
1369298279
1369293347
1369295774
1369296259
1369205182
1369241722
1369242686
1369208208
1369222460
1369222856
1369216815
1369220502
1369221354
1369214026
1369207453
1369208220
1369209409
1369159689
1369171315
1369173606
1369163575
1369081088
1369074080
1369067696
1369068952
1369044075
1369047001
1368974794
1368974980
1368993760
1368945131
1368968523
1368972855
1368865855
1368869878
1368869945
1368778329
1368791753
1368800486
1368779268
1368702633
1368702667
1368702672
1368600786
1368603782
1368627888
1368610088
1368619773
1368621241
1368620852
1368605650
1368048934
1368603344
1368603033
1368560670
1368477648
1368556636
1368556725
1368107596
1368450525
1368450584
1368448233
1367639878
1368443045
1368443186
1368444961
1368432621
1368430913
1368431291
1368431583
1368396204
1368425083
1368425403
1368363803
1368185612
1368214443
1368278106
1368268049
1368274774
1368267078
1368267499
1368267887
1368191550
1368114944
1368123485
1368123613
1368090914
1368117474
1368120770
1368110453
1368104948
1368106081
1368106114
1368024998
1368025227
1368096574
1368081400
1368089289
1368093081
1367998438
1368040485
1368043414
1368017634
1368020723
1368035461
1367997995
1367997839
1368000959
1368025137
1367996233
1367996296
1368018071
1368016946
1368017540
1368017588
1368009499
1368001213
1368000480
1368000824
1367995645
1367998943
1367997416
1367996310
1367996358
1367996469
1367995745
1367995773
1367957420
1367958327
1367958975
1367953235
1367953551
1367956009
1367955108
1367951270
1367951922
1367953115
1367946536
1367946778
1367946884
1367938999
1367942117
1367942147
1367923778
1367937092
1367937112
1367847704
1367851231
1367851348
1367836643
1367846827
1367849853
1367822883
1367834148
1367841240
1367838104
1367838315
1367838342
1367837532
1367837580
1367823320
1367832659
1367836460
1367761075
1367761791
1367770818
1367662674
1367669533
1367669551
1367600116
1367604323
1367623100
1367566347
1367599577
1367599647
1367563827
1367580113
1367598222
1367597735
1367597778
1367597934
1367486663
1367532867
1367569129
1367488501
1367490854
1367492907
1367443480
1367489902
1367489938
1367483149
1367484343
1367484479
1367320279
1367449406
1367484270
1367482465
1367483137
1367483164
1367324326
1367349204
1367349267
1367311543
1367348103
1367348281
1367232614
1367244089
1367263253
1367252661
1367253089
1367233131
1367233712
1367243879
1367079594
1367081640
1367162295
1367084178
1367156078
1367162270
1366842360
1366911379
1366919998
1366840585
1366893529
1366894307
1366894565
1366791351
1366816676
1366824577
1366650700
1366703882
1366739503
1366711424
1366713270
1366713400
1366658586
1366700841
1366711460
1366706850
1366706979
1366707023
1366459286
1366651713
1366651739
1366607984
1366626903
1366626939
1366619354
1366621308
1366621991
1366568704
1366569632
1366571161
1366462441
1366208370
1366214741
1366456037
1366373735
1366400743
1366448416
1366365045
1366384494
1366387829
1366362837
1366363404
1366363480
1366289098
1366298599
1366308770
1366215801
1366218915
1366231210
1365671553
1366214981
1366225169
1366223321
1366222387
1366157642
1366188194
1366207504
1366183875
1366184263
1366184285
1366147651
1366155845
1366162521
1366134487
1366134537
1366134541
1366122650
1366125860
1366126077
1366060473
1366116366
1366122678
1366096073
1366104734
1366038697
1366048216
1366052259
1366032029
1366037425
1366038527
1366035103
1366035413
1366035502
1365873220
1365849680
1365850174
1365850550
1365846017
1365850175
1365850526
1365775692
1365775568
1365706234
1365706298
1365719550
1365675475
1365682869
1365714481
1365689352
1365699587
1365687999
1365689475
1365689616
1365676631
1365599657
1365655897
1365672279
1365604167
1365615991
1365617172
1365604404
1365604509
1365608007
1365605839
1365606132
1365606267
1365596127
1365603713
1365063567
1365533993
1365534904
1365504929
1365520766
1365521332
1365423856
1365424566
1365424748
1365418726
1365420503
1365420834
1365114567
1365117219
1364900090
1365063393
1365100361
1365100688
1365109174
1365093216
1365097752
1365007513
1365007947
1365062706
1364999489
1365003372
1365003465
1364853200
1364857600
1364713062
1364717956
1364662381
1364683220
1364683248
1364650868
1364663471
1364663882
1364493582
1364645130
1364466938
1364468001
1364468096
1364308533
1364320470
1364329665
1364156419
1364316179
1364316265
1364312131
1364313072
1364313676
1364309600
1364310021
1364309506
1364235375
1364252182
1364218800
1364210439
1364235927
1364235968
1364229307
1364228731
1364225423
1364225372
1364226804
1364227068
1364209234
1364212925
1364218720
1364211809
1364210466
1364164184
1364173880
1364208090
1364139264
1364139462
1364139489
1363968936
1363968440
1363991321
1364049831
1363885110
1363885357
1363904155
1363805215
1363851001
1363889683
1363818055
1363818258
1363818294
1363798438
1363716807
1363724711
1363699003
1363723396
1363698396
1363721828
1363721872
1363714911
1363612221
1363702482
1363706847
1363699309
1363699460
1363699477
1363697333
1363629629
1363695466
1363695563
1363691026
1363639728
1363663406
1363544445
1363537413
1363538147
1363534084
1363534461
1363534758
1363519100
1363532075
1363532133
1363525716
1363530328
1363531525
1363451435
1363526206
1363530360
1363521616
1363523833
1363524314
1363458364
1363478199
1363478377
1363361523
1363436779
1363436961
1363362052
1363376670
1363430072
1363351557
1363352109
1363358943
1363281909
1363289092
1363308330
1363084238
1363294653
1363301182
1363285852
1363285895
1363285961
1363280566
1363280659
1363165306
1363251859
1363253274
1363104768
1363205957
1363206178
1363109982
1363110066
1363099232
1363106121
1363107749
1363082252
1363012196
1363077283
1363081831
1362999830
1363080333
1363080400
1363079045
1363080115
1363080208
1363030681
1363039606
1363011142
1363014625
1363021996
1362921954
1362946635
1363003662
1363002394
1362963818
1362967056
1362853488
1362855166
1362914266
1362909661
1362910031
1362910073
1362826023
1362839175
1362839249
1362774451
1362662508
1362742837
1362753060
1362478624
1362752398
1362739829
1362751423
1362751600
1362725833
1362735835
1362738296
1362661792
1362657515
1362050879
1362651411
1362651320
1362655644
1362656568
1362653481
1362653344
1362502937
1362502825
1362510174
1362601521
1362415031
1362421818
1362589481
1362562778
1362582182
1362582506
1362581942
1362579942
1362560499
1362560666
1362560706
1362509599
1362514930
1362522114
1362494332
1362496685
1362510201
1362487106
1362488197
1362497597
1362488273
1362488456
1362487978
1362478651
1362487109
1362487429
1362408980
1362480052
1362485245
1362470656
1362471141
1362417467
1362417511
1362464392
1362418200
1362418592
1362419517
1362415065
1362408718
1362409520
1362409540
1362405082
1362401283
1362300697
1362398631
1362398755
1362395429
1362322868
1362164158
1362167266
1362248431
1362243895
1362244277
1362244299
1362074607
1362077315
1362159858
1361989580
1362085827
1362159154
1362136698
1362150876
1362151149
1362135505
1362136077
1362136091
1362076411
1362135866
1361894940
1362085412
1362085446
1362076434
1362076917
1362079642
1362074493
1362079102
1362079356
1362073929
1362073599
1362067541
1361966011
1362062884
1362062974
1361913538
1361914731
1361916071
1361875526
1361913344
1361913392
1361873955
1361873968
1361874449
1361785249
1361788427
1361788450
1361624464
1361720610
1361775638
1361282038
1361731747
1361731786
1361401125
1361492590
1361493585
1361456075
1361397535
1361397902
1361401688
1361397743
1361398536
1361400242
1361393573
1361398177
1361398178
1361200434
1361286352
1361361481
1361108559
1361192687
1361286225
1361281696
1361184038
1360007785
1361102362
1360922644
1361015136
1361109263
1361108609
1360962268
1360785611
1360844192
1360684528
1360690510
1360752028
1360614413
1360615781
1360615220
1360615284
1360615301
1360603450
1360607264
1360607356
1360605457
1360318952
1360585479
1360585808
1360572199
1360575282
1360409314
1360273575
1360404038
1360407762
1360407863
1357842061
1358166905
1360407668
1360087833
1360110389
1360407628
1360400117
1360402671
1360402690
1360349493
1360363952
1360363976
1360261796
1360317719
1360317803
1360271748
1360263397
1360273719
1360275669
1360262269
1360271335
1360271585
1360233934
1360260380
1360261725
1360090420
1360258370
1360258428
1360244033
1360235287
1360236426
1360243128
1360149620
1360179674
1360229895
1360149848
1360186790
1360189421
1360077653
1360097830
1360098325
1360081217
1359989093
1360079594
1360080250
1360052175
1360061017
1360061303
1360051524
1360052043
1360052079
1359990534
1360012917
1360022920
1359988159
1359988251
1359988336
1359970757
1359972394
1359974446
1359967450
1359967449
1359967831
1359968147
1359386215
1359402234
1359933864
1359931616
1359932051
1359909189
1359931051
1359931070
1359804992
1359923134
1359923197
1359796360
1359898509
1359916870
1359853793
1357825481
1359803817
1359804326
1359807866
1359751998
1359566057
1359750992
1359751835
1359737268
1359746540
1359746698
1359745623
1359746831
1359739022
1359739084
1359739221
1359718401
1359577092
1359533799
1359549952
1359566023
1359231033
1359392619
1359458163
1359371169
1359380833
1359312299
1359327331
1359377092
1359362132
1359363880
1359368492
1359103838
1359129972
1359130413
1359114743
1359042449
1359043241
1359054478
1358523028
1359036136
1359041703
1359035080
1359041499
1359041590
1359037960
1359041031
1359041556
1359028200
1359030255
1359030862
1358841736
1358969621
1358978902
1358934836
1358937453
1358864370
1358888277
1358898865
1358869309
1358870431
1358620859
1358811254
1358812798
1358622489
1358632981
1358767383
1358614386
1358623920
1358442441
1358510823
1358554292
1358360203
1358366440
1358366632
1358365125
1358336375
1358353917
1358326898
1358329286
1358329499
1358282722
1358324823
1358329449
1358273853
1358325556
1358327601
1358325698
1358326854
1358327596
1358325324
1358246903
1358280590
1358280661
1358276976
1358186806
1358247107
1358270898
1358248412
1358270779
1358270893
1358262225
1358205503
1358192781
1358196172
1358200723
1358180682
1358193167
1358195611
1358176865
1358188575
1358190840
1358181618
1358186173
1358186176
1358182485
1358182621
1358185417
1358157088
1358174929
1358180173
1357917074
1358167591
1358170114
1358161266
1358163689
1358169959
1358167315
1358167495
1358167715
1357844536
1358107020
1358166806
1358153212
1358155251
1358163837
1358152790
1358160752
1358162501
1358158806
1358158870
1358158894
1358157154
1358157828
1358158109
1358094812
1358144474
1358147210
1358082502
1358089968
1358094062
1358093030
1358093920
1355324466
1358088109
1358088112
1358003196
1358083139
1358083305
1357807358
1357983656
1357996344
1357933865
1357934369
1357936120
1357897945
1357926356
1357933414
1357919069
1357916052
1357916225
1357916250
1357898132
1357902656
1357858203
1357859796
1357598024
1357849989
1357850075
1357748506
1357848689
1357848774
1357841709
1357836139
1357840517
1357840605
1357840735
1357830143
1357837624
1357833706
1357831268
1357833615
1357833695
1357826855
1357817947
1357822575
1357823567
1357814069
1357814135
1357816770
1357807129
1357807755
1357813399
1357568566
1357773513
1357803028
1357754028
1357770537
1357757585
1357757854
1357758182
1357742192
1357748202
1357717867
1357727289
1357745429
1357729362
1357562162
1357649619
1357674187
1357652656
1357652970
1357654558
1357570759
1357646886
1357647609
1357329263
1357468878
1357641409
1357595282
1357639162
1357640423
1357578878
1357592032
1357565381
1357585208
1357585382
1357578991
1357579330
1357579782
1357382266
1357576176
1357575868
1357555518
1357567266
1357568864
1357492168
1357495878
1357495971
1357474172
1357479473
1357479497
1357392726
1357407733
1357407791
1357299454
1357333157
1357333874
1357329377
1357329558
1357215981
1357302664
1357307400
1357299639
1357299903
1357138335
1357145483
1357254865
1357226053
1357226565
1357227095
1357134885
1357162855
1357215641
1357126536
1357212549
1357212934
1357210585
1357212437
1357210139
1357211834
1357211883
1357131293
1357131490
1357121204
1357129565
1357129620
1357128733
1357129285
1357129302
1357127511
1357127901
1357129248
1356895269
1357122791
1356609168
1357088861
1357086041
1357086099
1356948022
1356952091
1356985524
1356716401
1356719336
1356821329
1356626294
1356626497
1356608694
1356608894
1356608984
1356426563
1356464211
1356507561
1356436166
1356439531
1356377720
1356389823
1356424055
1356424044
1356403184
1356391567
1356025816
1356028045
1356099930
1356191498
1356280045
1356179555
1356185923
1356185986
1356080202
1356084729
1356091736
1355578896
1356098680
1356117504
1355998890
1356021737
1356025211
1356000004
1355998105
1355998138
1355776489
1355789346
1355791341
1355746383
1355748874
1355749159
1355699737
1355574785
1355579806
1355596190
1355583424
1355591235
1355591641
1355561478
1355562156
1355564960
1355418102
1355474432
1355420663
1355420998
1355421143
1355320472
1355387968
1355388741
1355328877
1355324475
1355322516
1355322610
1355322980
1355320355
1355322481
1355307650
1355245090
1355260514
1355264610
1355239574
1355176830
1355236084
1355236337
1355168707
1355169688
1355170328
1355158768
1355159112
1355168690
1355153144
1355160965
1355166624
1355097142
1355156434
1355156516
1355152816
1355155803
1355156329
1355081491
1355145463
1355145753
1355082854
1355126092
1355128822
1354985584
1355077292
1355091071
1355083963
1355084189
1355076468
1354876226
1355076012
1355076069
1355070801
1355073990
1355067093
1355068939
1355071032
1355060453
1355061974
1355062596
1355054356
1354884599
1354810310
1354881331
1354881673
1354645257
1354875943
1354875967
1354709543
1354791832
1354801312
1354698806
1354747894
1354748084
1354649689
1354654243
1354697805
1354693857
1354694801
1354695789
1354640341
1354658855
1354659868
1354621596
1354639373
1354645954
1354634049
1354634925
1354638856
1354624365
1354624729
1354637427
1354622160
1354631975
1354633705
1354618053
1354631000
1354621765
1354625368
1354625724
1354625102
1354625173
1354625361
1354620643
1354623631
1354624839
1352217078
1352223859
1354621567
1354621434
1354620371
1354621335
1354615651
1354549108
1354549375
1354550905
1354527239
1354527649
1354530028
1354194347
1354486956
1354487678
1354289382
1354479630
1354484793
1354470317
1354375634
1354454457
1354463773
1354297550
1354321122
1354353100
1354289464
1354298695
1354320637
1354289350
1354204065
1354283861
1354284030
1353956321
1354278375
1354278391
1354276496
1354277494
1354277634
1354117940
1354204037
1354205188
1354014923
1354015278
1354040262
1354128594
1354132249
1354100354
1354123387
1354123676
1354093218
1354093367
1354095267
1354087363
1354036285
1354036811
1354032578
1354034209
1354044174
1354029962
1354030743
1354030859
1354009800
1354019875
1354021388
1354013119
1354015483
1354016581
1354003242
1354007048
1353963313
1353999361
1354000827
1353766994
1353957709
1353958858
1353939162
1353945698
1353925891
1353927402
1353938170
1353927534
1353860216
1353697152
1353697625
1353708693
1353581572
1353692528
1353694568
1353604342
1353601397
1353521972
1353522414
1353586436
1353407700
1353576835
1353577980
1353575719
1353576438
1353576455
1353509980
1353531664
1353532053
1353515618
1353516412
1353520400
1353504003
1353504513
1353489974
1353490968
1353497545
1353440786
1353441784
1353435196
1353437342
1353438030
1353405341
1353410398
1353433629
1353429342
1352909937
1353418745
1353419503
1353407986
1353410609
1353410822
1353333877
1353343848
1353351216
1352989033
1353002568
1353002639
1352973254
1352977806
1352984811
1352921014
1352931606
1352931675
1352912672
1352912706
1352889442
1352879802
1352880667
1352557251
1352835305
1352835414
1352489330
1352831197
1352822267
1352822753
1352822821
1352751796
1352756402
1352737561
1352746609
1352748208
1352651670
1352475027
1352451818
1352604111
1352628965
1352463733
1352572772
1352475824
1352475027
1352483984
1352498113
1352366892
1352368810
1352452158
1352383417
1352383022
1352370607
1352375379
1352375785
1352374797
1352374885
1352369561
1352369619
1352369996
1352290660
1352315637
1352318148
1352305622
1352309306
1352309348
1352213281
1352236131
1352299216
1352292691
1352293117
1352295444
1352292287
1352292386
1352292437
1352239094
1352276904
1352227522
1352238578
1352266295
1352241366
1352241701
1352242332
1352241648
1352241685
1352241777
1352239801
1352239135
1352239468
1352219405
1352221169
1352232579
1352194810
1352220886
1352226664
1352224494
1352224570
1352224593
1352117765
1352213554
1352223950
1352222965
1352218113
1352218703
1352220071
1352219765
1352219739
1352219560
1352219542
1352218975
1352198224
1352218525
1352198328
1352218469
1352218507
1352217442
1352217512
1352217520
1352217354
1352213960
1352216155
1352216856
1352190015
1352201905
1352213342
1352208023
1352208227
1352208713
1352196443
1352202444
1352208319
1352137528
1352140830
1352202760
1352193108
1352195777
1352154308
1352193270
1352195605
1352148633
1352038158
1352050238
1352138817
1352130271
1352130384
1352121129
1352121175
1352122301
1352117440
1352122134
1352117844
1352121455
1352121543
1352061198
1352065103
1352071506
1351543782
1352055816
1352060236
1352033408
1352053193
1352053240
1352051545
1352052450
1352052586
1352046786
1352052262
1352052303
1350985961
1351020161
1352052225
1352031963
1352035013
1352044882
1352038173
1352044189
1352044626
1351704216
1351791190
1351795017
1351952958
1351945326
1351945756
1351946746
1351682003
1351797520
1351942680
1351940077
1351941092
1351884107
1351894674
1351894829
1351861237
1351870601
1351872597
1351798669
1351799554
1351683589
1351595032
1351663912
1351619347
1351619438
1351619479
1351615155
1351619016
1351611718
1351585802
1351599665
1351600206
1351595723
1351533914
1351595207
1351595686
1351523220
1351595564
1351593335
1351593367
1351593393
1351521552
1351529491
1351531755
1351520812
1351521215
1351531617
1351358385
1351505968
1351509113
1351505460
1351505615
1351503822
1351503969
1351503980
1351418049
1351448433
1351451200
1351445468
1351446105
1351447619
1351431584
1351436679
1351439435
1351420272
1351420352
1351420358
1351417629
1351417972
1351335992
1351336378
1351350188
1350985959
1351338887
1351342738
1351336493
1351336652
1351336749
1351336479
1351336510
1351336549
1351330787
1351331903
1351334933
1351280178
1351289544
1351289695
1351288457
1351281516
1351281704
1351284137
1351273649
1351275024
1351281699
1351259718
1351270263
1351278963
1351241337
1351242890
1351243111
1351242563
1351180800
1351238696
1351240856
1351162867
1351181529
1351172983
1351178066
1351173030
1351171356
1351024096
1351161716
1351162113
1351152551
1351154409
1351154717
1351092187
1351092462
1351092543
1351062420
1351086623
1351087530
1351079326
1351082173
1351082682
1351059923
1351061905
1351062333
1350999667
1351027387
1351027409
1351023337
1351023488
1351026956
1351023137
1351024304
1351026657
1351026408
1351020847
1351021046
1351022285
1351015293
1351015560
1351018158
1350999494
1351012488
1351017473
1351002972
1351008652
1351012208
1350988925
1350989095
1350989207
1350924622
1350934070
1350928575
1350929921
1350929942
1350901319
1350925942
1350921460
1350922639
1350922681
1350637475
1350902457
1350921488
1350382434
1350918182
1350918245
1350902072
1350907435
1350904264
1350904208
1350633899
1350637302
1350893589
1350894190
1350894311
1350837198
1350890129
1350890275
1350863668
1350556370
1350590235
1350834784
1350814354
1350673039
1350673308
1350676436
1350552878
1350554790
1350628935
1350562593
1350563820
1350564261
1350555140
1350557354
1350557373
1350295568
1350496331
1350517720
1350499719
1350504087
1350504288
1350496080
1350386668
1350394623
1350457742
1350459037
1350459466
1350397910
1350396985
1350392112
1350392382
1350386673
1350385266
1350385749
1350385791
1350381522
1350349658
1350349377
1350316495
1350321566
1350334122
1350320868
1350322421
1350322444
1350315642
1350211306
1350286384
1350304783
1350293538
1350216021
1350212536
1350212825
1350049653
1349976655
1349975943
1349965735
1349965812
1349970950
1349970361
1349886952
1349886856
1349807987
1349865765
1349785412
1349880784
1349880899
1349778785
1349778887
1349785251
1349767149
1349767284
1349081720
1349710774
1349713069
1349184648
1349456663
1349456722
1349381176
1349356334
1349352260
1349281098
1349281426
1349281524
1349253119
1349274193
1349275798
1349185162
1349199734
1349205478
1349082765
1349123189
1349123230
1349034634
1349034446
1349008498
1349010451
1349010839
1348948132
1348934990
1348864795
1348865534
1348827304
1348827650
1348827709
1348587825
1348650494
1348650666
1348584860
1348512804
1348324929
1348325037
1348225260
1348250734
1348002249
1348003654
1347917121
1348005495
1348005806
1347796869
1347796969